0.000000000000000e+000,0.000000e+000
9.765625114122045e-011,2.117049e-008
1.953125022824409e-010,4.370651e-008
3.602961052725928e-008,7.649383e-006
7.186390855223613e-008,1.369839e-005
1.076982065772130e-007,1.819073e-005
1.435325046021898e-007,2.112639e-005
1.793668026271666e-007,2.250539e-005
2.152011006521435e-007,2.232772e-005
2.510353986771202e-007,2.059338e-005
3.495527022127591e-007,1.611520e-005
4.569394565682007e-007,9.649897e-006
5.810571416424920e-007,2.008909e-006
7.178063269699955e-007,-4.787382e-006
8.819660353052637e-007,-8.786160e-006
1.101282910647025e-006,-7.865193e-006
1.226886265168046e-006,-4.390898e-006
1.337861516788995e-006,1.635373e-007
1.459669533884719e-006,5.188780e-006
1.600641884035313e-006,9.824724e-006
1.737838993644206e-006,1.212358e-005
1.919338697713743e-006,1.182737e-005
2.052305102662714e-006,9.536460e-006
2.193416188008389e-006,5.785359e-006
2.357955372175262e-006,1.445751e-006
2.528017471487523e-006,-1.502650e-006
2.743546520094704e-006,-2.306090e-006
2.902929462299026e-006,-8.408060e-007
3.044854717799433e-006,1.631395e-006
3.202799246464180e-006,4.495526e-006
3.389028161938019e-006,6.833844e-006
3.585246288905412e-006,7.438998e-006
3.779766856519291e-006,6.216032e-006
3.958599881344672e-006,4.149637e-006
4.167110212525263e-006,1.895478e-006
4.385909282345947e-006,9.206915e-007
4.689374777640600e-006,1.831139e-006
4.885934283881776e-006,3.278775e-006
5.339838544569700e-006,5.152703e-006
5.684046790411472e-006,4.061539e-006
5.957588612589785e-006,2.825811e-006
6.266695717337780e-006,2.264038e-006
6.585532173087806e-006,2.905018e-006
6.830513784756711e-006,3.724790e-006
7.152883344795733e-006,4.223343e-006
7.488380173428670e-006,3.814215e-006
7.783591510585538e-006,3.189120e-006
8.206788028036944e-006,2.915746e-006
8.607984561705380e-006,3.361097e-006
8.973678196961950e-006,3.736700e-006
9.433678989159989e-006,3.565815e-006
1.042224004658204e-005,3.224920e-006
1.169012644323738e-005,3.423191e-006
1.244404379418018e-005,3.251518e-006
1.320086851328241e-005,3.353700e-006
1.397696037520808e-005,3.388515e-006
1.604197655411863e-005,3.306905e-006
1.000000000000000e-003,-7.360694e-006
1.000000001000000e-003,7.421834e-004
1.000000375479999e-003,7.009970e-004
1.000000749959997e-003,5.993978e-004
1.000001124439996e-003,4.373857e-004
1.000001498919994e-003,2.149609e-004
1.000001873399992e-003,-6.787681e-005
1.000002247879991e-003,-4.111273e-004
1.000002622359990e-003,-8.147906e-004
1.000004699508693e-003,-3.872557e-003
1.000007748582436e-003,-1.085092e-002
1.000011927981958e-003,-2.456029e-002
1.000017530219927e-003,-4.903337e-002
1.000024803302151e-003,-8.854447e-002
1.000034168668076e-003,-1.477138e-001
1.000046066359763e-003,-2.291823e-001
1.000060785612273e-003,-3.306521e-001
1.000076351912131e-003,-4.304345e-001
1.000094339461697e-003,-5.291019e-001
1.000113324198889e-003,-6.098744e-001
1.000134681842037e-003,-6.713840e-001
1.000157159023449e-003,-7.051344e-001
1.000182304193470e-003,-7.083687e-001
1.000218372447759e-003,-6.675568e-001
1.000257561658738e-003,-5.807746e-001
1.000298729031397e-003,-4.585170e-001
1.000304589025119e-003,-4.383199e-001
1.000316309012563e-003,-3.941313e-001
1.000339748987450e-003,-2.996718e-001
1.000386628937226e-003,-9.378483e-002
1.000459175663504e-003,2.495278e-001
1.000526600749044e-003,5.835797e-001
1.000585027173698e-003,8.762805e-001
1.000644489250996e-003,1.165008e+000
1.000710621006339e-003,1.455571e+000
1.000801465449854e-003,1.784640e+000
1.000881831752366e-003,1.994095e+000
1.000953416188064e-003,2.098460e+000
1.001025624104533e-003,2.124295e+000
1.001097801714407e-003,2.073825e+000
1.001187605403923e-003,1.925246e+000
1.001268514040589e-003,1.726015e+000
1.001367910500584e-003,1.424692e+000
1.001432545451817e-003,1.211597e+000
1.001492298239947e-003,1.012696e+000
1.001552733029759e-003,8.255281e-001
1.001646049765961e-003,5.761558e-001
1.001722051138915e-003,4.186676e-001
1.001792897304395e-003,3.234058e-001
1.001864598143131e-003,2.808730e-001
1.001944065901645e-003,2.919521e-001
1.002017890590057e-003,3.556101e-001
1.002121195123151e-003,5.094531e-001
1.002212473939750e-003,6.849764e-001
1.002280074563396e-003,8.314898e-001
1.002344788719114e-003,9.743479e-001
1.002409735944822e-003,1.108420e+000
1.002503289987907e-003,1.270023e+000
1.002616445415842e-003,1.411423e+000
1.002695767678148e-003,1.465788e+000
1.002764761362791e-003,1.474675e+000
1.002834453295699e-003,1.450184e+000
1.002915118861455e-003,1.388267e+000
1.002991837832028e-003,1.303404e+000
1.003068417024779e-003,1.200462e+000
1.003144311880579e-003,1.089804e+000
1.003213819092582e-003,9.886391e-001
1.003285809672696e-003,8.919550e-001
1.003365470405413e-003,8.012199e-001
1.003440178350443e-003,7.377369e-001
1.003524550919341e-003,6.942000e-001
1.003596092755823e-003,6.819558e-001
1.003668954971589e-003,6.936318e-001
1.003740359468800e-003,7.270207e-001
1.003846586417627e-003,8.036518e-001
1.003928562280169e-003,8.766994e-001
1.003997332424180e-003,9.438912e-001
1.004067328051661e-003,1.011576e+000
1.004142226957856e-003,1.076553e+000
1.004248178350598e-003,1.150054e+000
1.004338294545252e-003,1.192451e+000
1.004407744179402e-003,1.207989e+000
1.004477141197812e-003,1.207777e+000
1.004547131656098e-003,1.192989e+000
1.004635959136571e-003,1.157440e+000
1.004731043659886e-003,1.105772e+000
1.004802113974364e-003,1.060894e+000
1.004870946099264e-003,1.015522e+000
1.004940342259511e-003,9.720086e-001
1.005030563783084e-003,9.237667e-001
1.005141785248282e-003,8.796335e-001
1.005224199203339e-003,8.605738e-001
1.005293389934289e-003,8.561998e-001
1.005363725354950e-003,8.619955e-001
1.005436857958965e-003,8.778909e-001
1.005542484342847e-003,9.125887e-001
1.005623651527325e-003,9.452662e-001
1.005692966495632e-003,9.756466e-001
1.005763307820986e-003,1.005930e+000
1.005841952825267e-003,1.035973e+000
1.005949532355700e-003,1.068287e+000
1.006038231125598e-003,1.085783e+000
1.006107783335155e-003,1.091729e+000
1.006177585117129e-003,1.090639e+000
1.006247806909506e-003,1.083005e+000
1.006341221483868e-003,1.065175e+000
1.006431000217024e-003,1.042608e+000
1.006501410869476e-003,1.022393e+000
1.006571194677717e-003,1.001792e+000
1.006641328528168e-003,9.823906e-001
1.006737005243524e-003,9.603481e-001
1.006850905020820e-003,9.415635e-001
1.006929546976478e-003,9.346195e-001
1.006998558748322e-003,9.337127e-001
1.007068414479517e-003,9.373044e-001
1.007149401295794e-003,9.462701e-001
1.007257518185445e-003,9.632641e-001
1.007332556230362e-003,9.772410e-001
1.007401522999111e-003,9.908494e-001
1.007471113099755e-003,1.003976e+000
1.007559845200242e-003,1.018319e+000
1.007670765932156e-003,1.031716e+000
1.007753939427352e-003,1.037654e+000
1.007823375271009e-003,1.039029e+000
1.007900834924218e-003,1.037061e+000
1.007975764447309e-003,1.032033e+000
1.008083494895201e-003,1.021137e+000
1.008163749982539e-003,1.011285e+000
1.008233186938911e-003,1.002079e+000
1.008303496837619e-003,9.930046e-001
1.008385621463939e-003,9.837059e-001
1.008494558620692e-003,9.741653e-001
1.008581823534564e-003,9.693578e-001
1.008657501930566e-003,9.679475e-001
1.008748585967047e-003,9.692969e-001
1.008832508083310e-003,9.730700e-001
1.008937600996942e-003,9.802838e-001
1.009013607989768e-003,9.865646e-001
1.009082833185255e-003,9.926773e-001
1.009152810612051e-003,9.986446e-001
1.009237840018435e-003,1.004943e+000
1.009347411155524e-003,1.011065e+000
1.009441233625966e-003,1.014068e+000
1.009534185111610e-003,1.014574e+000
1.009634660144682e-003,1.012656e+000
1.009736376520106e-003,1.008698e+000
1.009820514207997e-003,1.004301e+000
1.009890260243847e-003,1.000195e+000
1.009965970024424e-003,9.956879e-001
1.010039083408459e-003,9.916962e-001
1.010141522066572e-003,9.872093e-001
1.010259301496563e-003,9.839574e-001
1.010375743008765e-003,9.830391e-001
1.010488923997705e-003,9.843479e-001
1.010606179422866e-003,9.874392e-001
1.010685520523572e-003,9.902459e-001
1.010760418403351e-003,9.931783e-001
1.010847539241619e-003,9.965087e-001
1.010932976796089e-003,9.993345e-001
1.011044796300756e-003,1.001953e+000
1.011177467477338e-003,1.003325e+000
1.011306993540274e-003,1.002785e+000
1.011440463857412e-003,1.000619e+000
1.011530738023598e-003,9.984758e-001
1.011618407249113e-003,9.961237e-001
1.011716995520180e-003,9.935753e-001
1.011816041672566e-003,9.914376e-001
1.011929926302132e-003,9.898485e-001
1.012075513585313e-003,9.892444e-001
1.012223252143152e-003,9.900357e-001
1.012327601610825e-003,9.913578e-001
1.012424629818771e-003,9.929634e-001
1.012541807980352e-003,9.949510e-001
1.012648728761674e-003,9.964942e-001
1.012777612977242e-003,9.976977e-001
1.012918392753978e-003,9.980441e-001
1.013077964314943e-003,9.973517e-001
1.013196673574680e-003,9.962348e-001
1.013308210639876e-003,9.949037e-001
1.013442346986031e-003,9.933418e-001
1.013566839800560e-003,9.922332e-001
1.013722156758166e-003,9.915941e-001
1.013916276655295e-003,9.918044e-001
1.014067132321510e-003,9.925925e-001
1.014197118847905e-003,9.935263e-001
1.014353505112619e-003,9.945621e-001
1.014496193972788e-003,9.951277e-001
1.014688609844933e-003,9.951652e-001
1.014882064976567e-003,9.945434e-001
1.015033203501932e-003,9.937463e-001
1.015187326189678e-003,9.929239e-001
1.015359236386323e-003,9.923030e-001
1.015556294617124e-003,9.921160e-001
1.015762158986261e-003,9.924285e-001
1.015927986612775e-003,9.929006e-001
1.016106398320755e-003,9.933704e-001
1.016303957807773e-003,9.935785e-001
1.016551398327933e-003,9.933476e-001
1.016762060101651e-003,9.928527e-001
1.016959787344245e-003,9.923484e-001
1.017192780698165e-003,9.919929e-001
1.017447161506697e-003,9.919695e-001
1.017675235510343e-003,9.921737e-001
1.017902442959750e-003,9.923742e-001
1.018168249563186e-003,9.923697e-001
1.018490649360924e-003,9.920460e-001
1.018749241126059e-003,9.917008e-001
1.019053530258530e-003,9.914361e-001
1.019368334459959e-003,9.913957e-001
1.019654177966883e-003,9.914458e-001
1.019998284506709e-003,9.913923e-001
1.020356635659654e-003,9.911487e-001
1.020688938705187e-003,9.908811e-001
1.021131231463082e-003,9.906662e-001
1.021580263761976e-003,9.905692e-001
1.022019547802282e-003,9.904237e-001
1.022512714285313e-003,9.901413e-001
1.022986123530662e-003,9.898874e-001
1.023551540099928e-003,9.896832e-001
1.024105117258040e-003,9.894742e-001
1.024762438992305e-003,9.891518e-001
1.025434610878333e-003,9.888418e-001
1.026197565907289e-003,9.885342e-001
1.027110310125877e-003,9.881306e-001
1.028058958080008e-003,9.877026e-001
1.029287022280993e-003,9.871771e-001
1.030727438482189e-003,9.865426e-001
1.032205418306801e-003,9.858941e-001
1.033995742921835e-003,9.851169e-001
1.040272480452829e-003,9.823719e-001
1.044382860500769e-003,9.805773e-001
1.049059360159160e-003,9.785387e-001
1.054427721687325e-003,9.762006e-001
1.060493956769664e-003,9.735619e-001
1.067556945609086e-003,9.704947e-001
1.075845100699521e-003,9.669009e-001
1.116302689985235e-003,9.494526e-001
1.156760279270949e-003,9.321616e-001
1.197217868556664e-003,9.150277e-001
1.237675457842378e-003,8.980511e-001
1.278133047128093e-003,8.812317e-001
1.318590636413807e-003,8.645696e-001
1.359048225699521e-003,8.480647e-001
1.449217675742447e-003,8.118518e-001
1.539387125785372e-003,7.764079e-001
1.629556575828298e-003,7.417332e-001
1.719726025871224e-003,7.078275e-001
1.809895475914149e-003,6.746910e-001
1.900064925957075e-003,6.423235e-001
1.990234376000000e-003,6.107250e-001
2.000000001000000e-003,6.073442e-001
2.000000002000000e-003,6.065947e-001
2.000002814277040e-003,6.093094e-001
2.000005626554080e-003,6.140800e-001
2.000008438831121e-003,6.209066e-001
2.000011251108160e-003,6.297890e-001
2.000014063385200e-003,6.407273e-001
2.000016875662241e-003,6.537214e-001
2.000019687939281e-003,6.687715e-001
2.000029510509878e-003,7.251915e-001
2.000042224955749e-003,8.099009e-001
2.000055014263139e-003,8.986757e-001
2.000070705510781e-003,1.003229e+000
2.000087081886286e-003,1.099424e+000
2.000106438946840e-003,1.191091e+000
2.000126343516212e-003,1.258620e+000
2.000148949967567e-003,1.303696e+000
2.000172533208822e-003,1.319057e+000
2.000200635496381e-003,1.302318e+000
2.000233888320448e-003,1.245639e+000
2.000274530781647e-003,1.137840e+000
2.000316245416280e-003,9.939215e-001
2.000369328854279e-003,7.819116e-001
2.000378046552230e-003,7.440128e-001
2.000395481948131e-003,6.638080e-001
2.000430352739935e-003,4.977021e-001
2.000500094323540e-003,1.544995e-001
2.000562325144423e-003,-1.564385e-001
2.000627286993656e-003,-4.764487e-001
2.000687841044757e-003,-7.538444e-001
2.000770155322091e-003,-1.076628e+000
2.000853195733387e-003,-1.324244e+000
2.000930143546003e-003,-1.468344e+000
2.000999351201575e-003,-1.519569e+000
2.001073897541026e-003,-1.494606e+000
2.001153030177923e-003,-1.389440e+000
2.001241375714134e-003,-1.192486e+000
2.001349597697363e-003,-8.801959e-001
2.001417663542321e-003,-6.589309e-001
2.001475931849575e-003,-4.634509e-001
2.001534534418990e-003,-2.752993e-001
2.001607249254684e-003,-6.605086e-002
2.001683640201569e-003,1.142877e-001
2.001760333223568e-003,2.445451e-001
2.001832409941313e-003,3.128639e-001
2.001910476243048e-003,3.280750e-001
2.001981941724334e-003,2.912748e-001
2.002058354666410e-003,2.035710e-001
2.002135214307542e-003,7.720233e-002
2.002207010404927e-003,-6.605148e-002
2.002279959345616e-003,-2.251041e-001
2.002349204042872e-003,-3.776086e-001
2.002416232422605e-003,-5.150310e-001
2.002510123477556e-003,-6.759248e-001
2.002613633031467e-003,-8.047397e-001
2.002690614957337e-003,-8.582987e-001
2.002759720227342e-003,-8.691055e-001
2.002829612247852e-003,-8.471666e-001
2.002903218594582e-003,-7.937204e-001
2.002978010726486e-003,-7.134283e-001
2.003064291561504e-003,-5.994766e-001
2.003134101778402e-003,-4.983297e-001
2.003206239180446e-003,-3.927037e-001
2.003274302977497e-003,-2.998486e-001
2.003353759915544e-003,-2.067143e-001
2.003429447736869e-003,-1.379402e-001
2.003500020935206e-003,-9.601565e-002
2.003572161327762e-003,-7.750030e-002
2.003651112832203e-003,-8.321773e-002
2.003723102333297e-003,-1.105586e-001
2.003801321809862e-003,-1.605832e-001
2.003874568930246e-003,-2.211882e-001
2.003944361529703e-003,-2.870682e-001
2.004013689731560e-003,-3.553024e-001
2.004083871522613e-003,-4.219007e-001
2.004168339779016e-003,-4.916115e-001
2.004277464006265e-003,-5.604261e-001
2.004363010169557e-003,-5.939327e-001
2.004432340516797e-003,-6.035745e-001
2.004505709670586e-003,-5.974242e-001
2.004576274361273e-003,-5.778264e-001
2.004651039543312e-003,-5.447805e-001
2.004725603767304e-003,-5.027622e-001
2.004803589833003e-003,-4.531389e-001
2.004875100806210e-003,-4.062190e-001
2.004947053555586e-003,-3.612182e-001
2.005023812955383e-003,-3.190677e-001
2.005100998886211e-003,-2.854182e-001
2.005176027407264e-003,-2.630259e-001
2.005246796814728e-003,-2.523703e-001
2.005317315241137e-003,-2.520674e-001
2.005388583119367e-003,-2.618056e-001
2.005475654201810e-003,-2.848062e-001
2.005570537387758e-003,-3.190525e-001
2.005641692534120e-003,-3.489741e-001
2.005710749121961e-003,-3.793734e-001
2.005780410255073e-003,-4.086214e-001
2.005869886358526e-003,-4.407652e-001
2.005980794164604e-003,-4.704713e-001
2.006063736127075e-003,-4.835503e-001
2.006133003017245e-003,-4.866844e-001
2.006203475121012e-003,-4.829997e-001
2.006275425055490e-003,-4.727279e-001
2.006380591595012e-003,-4.498256e-001
2.006462659102092e-003,-4.278192e-001
2.006532152451785e-003,-4.074545e-001
2.006602718774321e-003,-3.870706e-001
2.006680160141041e-003,-3.671403e-001
2.006787420155348e-003,-3.453068e-001
2.006876761097890e-003,-3.332305e-001
2.006946407302763e-003,-3.290136e-001
2.007016135368412e-003,-3.295228e-001
2.007086345428147e-003,-3.344141e-001
2.007178186855577e-003,-3.459023e-001
2.007269198837100e-003,-3.610327e-001
2.007339841025569e-003,-3.745157e-001
2.007409561257359e-003,-3.882589e-001
2.007479691544972e-003,-4.012653e-001
2.007574031908786e-003,-4.159240e-001
2.007687269466431e-003,-4.286301e-001
2.007766901367521e-003,-4.335143e-001
2.007836086894670e-003,-4.342060e-001
2.007913256712035e-003,-4.315792e-001
2.007991027483886e-003,-4.258717e-001
2.008087301515652e-003,-4.158027e-001
2.008162154344125e-003,-4.065166e-001
2.008231561733082e-003,-3.973435e-001
2.008301817616770e-003,-3.883412e-001
2.008385299490586e-003,-3.789902e-001
2.008494242741735e-003,-3.695998e-001
2.008580540914366e-003,-3.649752e-001
2.008656604697729e-003,-3.636616e-001
2.008747359519590e-003,-3.651122e-001
2.008831824505649e-003,-3.689972e-001
2.008938050014170e-003,-3.763693e-001
2.009013421016324e-003,-3.826326e-001
2.009082570329372e-003,-3.887502e-001
2.009152412472954e-003,-3.946938e-001
2.009239018833884e-003,-4.010648e-001
2.009349136577643e-003,-4.071254e-001
2.009443224440519e-003,-4.100353e-001
2.009536530728805e-003,-4.104405e-001
2.009636984300808e-003,-4.084314e-001
2.009739347496892e-003,-4.043943e-001
2.009821488433477e-003,-4.000933e-001
2.009891026076999e-003,-3.960193e-001
2.009966609183041e-003,-3.915647e-001
2.010040208366010e-003,-3.876114e-001
2.010143993687407e-003,-3.831895e-001
2.010263028810901e-003,-3.800699e-001
2.010378637820698e-003,-3.793300e-001
2.010492520396572e-003,-3.807992e-001
2.010609770168692e-003,-3.840064e-001
2.010687754078456e-003,-3.868159e-001
2.010763475153958e-003,-3.898055e-001
2.010850021578189e-003,-3.931171e-001
2.010936602380776e-003,-3.959588e-001
2.011050028829651e-003,-3.985484e-001
2.011185742588898e-003,-3.998504e-001
2.011313603169399e-003,-3.992658e-001
2.011431728006293e-003,-3.973566e-001
2.011517418300379e-003,-3.953554e-001
2.011604792625568e-003,-3.930512e-001
2.011703585284281e-003,-3.905150e-001
2.011802322389905e-003,-3.883698e-001
2.011914807805469e-003,-3.867451e-001
2.012055416225028e-003,-3.860730e-001
2.012206363362832e-003,-3.868019e-001
2.012315055064320e-003,-3.881491e-001
2.012413010255241e-003,-3.897807e-001
2.012519050086383e-003,-3.916236e-001
2.012631396750665e-003,-3.933388e-001
2.012752632984432e-003,-3.946117e-001
2.012895140271447e-003,-3.951342e-001
2.013061832245411e-003,-3.945902e-001
2.013186572793429e-003,-3.935110e-001
2.013299008709581e-003,-3.922229e-001
2.013434375562603e-003,-3.906889e-001
2.013557595620835e-003,-3.896183e-001
2.013712574455913e-003,-3.889988e-001
2.013901657520967e-003,-3.892203e-001
2.014052597764286e-003,-3.900321e-001
2.014182353749777e-003,-3.910059e-001
2.014323564103263e-003,-3.920152e-001
2.014472663908548e-003,-3.927267e-001
2.014651114549500e-003,-3.929269e-001
2.014850025741757e-003,-3.924476e-001
2.014998764098534e-003,-3.917476e-001
2.015147656013980e-003,-3.909837e-001
2.015321168335413e-003,-3.903389e-001
2.015506886346534e-003,-3.901330e-001
2.015737805137914e-003,-3.904799e-001
2.015910870751923e-003,-3.910062e-001
2.016085522009703e-003,-3.915381e-001
2.016284629146284e-003,-3.918525e-001
2.016519593860251e-003,-3.917599e-001
2.016730563254796e-003,-3.913569e-001
2.016925099332371e-003,-3.909185e-001
2.017161054357502e-003,-3.905958e-001
2.017402223277176e-003,-3.906089e-001
2.017633148163233e-003,-3.908761e-001
2.017854063507174e-003,-3.911611e-001
2.018124569397756e-003,-3.912984e-001
2.018418193047288e-003,-3.911477e-001
2.018672387500937e-003,-3.908869e-001
2.018955561470839e-003,-3.906838e-001
2.019261724170564e-003,-3.906920e-001
2.019559947562810e-003,-3.908418e-001
2.019875485328255e-003,-3.909475e-001
2.020228228400827e-003,-3.908783e-001
2.020572398340738e-003,-3.907123e-001
2.020961577296886e-003,-3.906059e-001
2.021375323444630e-003,-3.906413e-001
2.021769026625565e-003,-3.906847e-001
2.022267911382610e-003,-3.906156e-001
2.022811148065370e-003,-3.904949e-001
2.023402459677109e-003,-3.904510e-001
2.024090468485667e-003,-3.904317e-001
2.024802958191153e-003,-3.903406e-001
2.025555165393483e-003,-3.902502e-001
2.026368831802401e-003,-3.901984e-001
2.027287735476998e-003,-3.901072e-001
2.028252237703379e-003,-3.900025e-001
2.029485516680148e-003,-3.898980e-001
2.030911194852838e-003,-3.897581e-001
2.032372275532264e-003,-3.896176e-001
2.034108902815960e-003,-3.894586e-001
2.040133903586300e-003,-3.888838e-001
2.043987904047569e-003,-3.885172e-001
2.048357084079972e-003,-3.881029e-001
2.053312413395843e-003,-3.876326e-001
2.058885377550675e-003,-3.871037e-001
2.065371631438553e-003,-3.864888e-001
2.073006633029183e-003,-3.857644e-001
2.082287467037980e-003,-3.848850e-001
2.092053092037980e-003,-3.839597e-001
2.101818717037980e-003,-3.830348e-001
2.111584342037980e-003,-3.821104e-001
2.121349967037979e-003,-3.811863e-001
2.131115592037979e-003,-3.802626e-001
2.140881217037979e-003,-3.793394e-001
2.150646842037979e-003,-3.784165e-001
2.160412467037979e-003,-3.774942e-001
2.278995056323690e-003,-3.663065e-001
2.397577645609402e-003,-3.552210e-001
2.516160234895114e-003,-3.442379e-001
2.634742824180826e-003,-3.333572e-001
2.753325413466538e-003,-3.225787e-001
2.871908002752249e-003,-3.119026e-001
2.990490592037961e-003,-3.013287e-001
3.000000000000000e-003,-3.004863e-001
3.000000001000000e-003,-2.997367e-001
3.000001498954280e-003,-3.004301e-001
3.000002996908560e-003,-3.019220e-001
3.000004494862839e-003,-3.042124e-001
3.000005992817119e-003,-3.073015e-001
3.000007490771399e-003,-3.111891e-001
3.000008988725678e-003,-3.158753e-001
3.000010486679958e-003,-3.213600e-001
3.000019687634699e-003,-3.618321e-001
3.000029510629662e-003,-4.178127e-001
3.000039538251292e-003,-4.840816e-001
3.000050790005193e-003,-5.626139e-001
3.000063016592535e-003,-6.460780e-001
3.000081146863425e-003,-7.590586e-001
3.000098266904459e-003,-8.481798e-001
3.000119427186617e-003,-9.310304e-001
3.000139620445579e-003,-9.820427e-001
3.000163931732234e-003,-1.010088e+000
3.000188507050784e-003,-1.006439e+000
3.000224105597342e-003,-9.579139e-001
3.000264781149896e-003,-8.609686e-001
3.000305669234273e-003,-7.278745e-001
3.000355116419968e-003,-5.385864e-001
3.000362922502524e-003,-5.058200e-001
3.000378534667635e-003,-4.361368e-001
3.000409758997856e-003,-2.909557e-001
3.000472207658298e-003,1.188503e-002
3.000541536842098e-003,3.573564e-001
3.000598852048555e-003,6.434700e-001
3.000657183009234e-003,9.230145e-001
3.000725922175426e-003,1.214568e+000
3.000826757884354e-003,1.552874e+000
3.000913626191116e-003,1.748301e+000
3.000981026272795e-003,1.816886e+000
3.001060837861751e-003,1.808357e+000
3.001135217558935e-003,1.724664e+000
3.001223251427752e-003,1.544378e+000
3.001314261385123e-003,1.295637e+000
3.001382902316245e-003,1.078049e+000
3.001442381784805e-003,8.787445e-001
3.001503069376803e-003,6.782310e-001
3.001570422085449e-003,4.743738e-001
3.001664831836187e-003,2.343160e-001
3.001745085709883e-003,8.301625e-002
3.001816954719495e-003,2.585122e-003
3.001889637412728e-003,-2.446219e-002
3.001960084638246e-003,-8.363751e-004
3.002035680585121e-003,7.365931e-002
3.002116411475909e-003,1.978219e-001
3.002205507064920e-003,3.705530e-001
3.002273588691911e-003,5.175991e-001
3.002338442384852e-003,6.610281e-001
3.002403677538344e-003,7.970008e-001
3.002493878429404e-003,9.562377e-001
3.002605489432722e-003,1.101453e+000
3.002686814314900e-003,1.162155e+000
3.002755890490432e-003,1.175202e+000
3.002825815038612e-003,1.154642e+000
3.002901933926509e-003,1.100443e+000
3.002976562247956e-003,1.021446e+000
3.003052517211773e-003,9.220976e-001
3.003120727769145e-003,8.235975e-001
3.003188901343713e-003,7.231918e-001
3.003257467220956e-003,6.278090e-001
3.003341061150680e-003,5.262036e-001
3.003415986184949e-003,4.545921e-001
3.003491811890011e-003,4.068866e-001
3.003573253073941e-003,3.841117e-001
3.003651060597464e-003,3.891752e-001
3.003723978854310e-003,4.180440e-001
3.003821152258559e-003,4.830855e-001
3.003906745708670e-003,5.566142e-001
3.003976177911517e-003,6.235877e-001
3.004049758973467e-003,6.955425e-001
3.004118960693646e-003,7.578666e-001
3.004220704815558e-003,8.331368e-001
3.004322695640499e-003,8.864555e-001
3.004395536735078e-003,9.063593e-001
3.004464333580699e-003,9.088131e-001
3.004533914524257e-003,8.966429e-001
3.004616556709025e-003,8.658827e-001
3.004724879913565e-003,8.088637e-001
3.004798937380571e-003,7.627394e-001
3.004867346929226e-003,7.176542e-001
3.004936381335289e-003,6.741475e-001
3.005024740352799e-003,6.263269e-001
3.005135262136392e-003,5.814648e-001
3.005218811230804e-003,5.612375e-001
3.005288072150751e-003,5.561188e-001
3.005358583489623e-003,5.612112e-001
3.005429487535622e-003,5.759529e-001
3.005534114918556e-003,6.095629e-001
3.005616873454171e-003,6.425097e-001
3.005686321455418e-003,6.728777e-001
3.005756932768004e-003,7.034647e-001
3.005832426440493e-003,7.327811e-001
3.005938965330514e-003,7.657954e-001
3.006029152848172e-003,7.846614e-001
3.006098741870378e-003,7.914889e-001
3.006168190358042e-003,7.912293e-001
3.006238222907951e-003,7.844223e-001
3.006327544424837e-003,7.682126e-001
3.006421212331003e-003,7.452565e-001
3.006492197277878e-003,7.250990e-001
3.006561540191079e-003,7.045962e-001
3.006631409700792e-003,6.849993e-001
3.006722887371959e-003,6.632249e-001
3.006834739892601e-003,6.436155e-001
3.006916451196870e-003,6.354084e-001
3.006985701063804e-003,6.336790e-001
3.007056039422672e-003,6.365135e-001
3.007130841306597e-003,6.440399e-001
3.007236938431106e-003,6.599265e-001
3.007316899152955e-003,6.744798e-001
3.007386292968013e-003,6.881368e-001
3.007456596765539e-003,7.016343e-001
3.007537934343988e-003,7.153664e-001
3.007646498091497e-003,7.295889e-001
3.007733841819711e-003,7.369086e-001
3.007803510463619e-003,7.391537e-001
3.007881637904364e-003,7.380405e-001
3.007954996953178e-003,7.338530e-001
3.008055605675946e-003,7.244554e-001
3.008138643696336e-003,7.146556e-001
3.008208290490856e-003,7.055213e-001
3.008279296990506e-003,6.961731e-001
3.008350193773907e-003,6.876629e-001
3.008454688283938e-003,6.774672e-001
3.008552892997253e-003,6.708470e-001
3.008628387821127e-003,6.684204e-001
3.008708850250676e-003,6.686122e-001
3.008796334309325e-003,6.715198e-001
3.008888098018905e-003,6.769419e-001
3.008969957565762e-003,6.832566e-001
3.009039682523591e-003,6.892923e-001
3.009115166214943e-003,6.959292e-001
3.009185890453342e-003,7.016643e-001
3.009287622887102e-003,7.084379e-001
3.009389604856443e-003,7.130833e-001
3.009482973951694e-003,7.148951e-001
3.009585733761388e-003,7.142031e-001
3.009682431749529e-003,7.113097e-001
3.009793491016923e-003,7.060855e-001
3.009866832419026e-003,7.019364e-001
3.009935695390019e-003,6.978161e-001
3.010010390455660e-003,6.935552e-001
3.010097984781644e-003,6.893058e-001
3.010212479329443e-003,6.853933e-001
3.010331814379450e-003,6.835401e-001
3.010444756531087e-003,6.840542e-001
3.010560405966020e-003,6.865165e-001
3.010650036237710e-003,6.894233e-001
3.010722452535708e-003,6.921943e-001
3.010802678413773e-003,6.953443e-001
3.010888407181422e-003,6.984557e-001
3.010982630687006e-003,7.011846e-001
3.011105730467942e-003,7.033263e-001
3.011241554949662e-003,7.037815e-001
3.011369690369658e-003,7.024965e-001
3.011467174013829e-003,7.005558e-001
3.011551423796119e-003,6.984173e-001
3.011642950279295e-003,6.959645e-001
3.011740884406896e-003,6.935276e-001
3.011844246592512e-003,6.914884e-001
3.011963494628390e-003,6.901099e-001
3.012103191272502e-003,6.898901e-001
3.012255210774503e-003,6.910503e-001
3.012364721520424e-003,6.925982e-001
3.012465599475940e-003,6.943192e-001
3.012579946893201e-003,6.961994e-001
3.012691393072139e-003,6.976410e-001
3.012824578114568e-003,6.985565e-001
3.012987107308777e-003,6.985176e-001
3.013131749064897e-003,6.975629e-001
3.013247618895124e-003,6.963132e-001
3.013363908198420e-003,6.949146e-001
3.013494051596753e-003,6.935281e-001
3.013627924172158e-003,6.925902e-001
3.013794344637044e-003,6.922743e-001
3.013973108032925e-003,6.928044e-001
3.014106721765736e-003,6.936502e-001
3.014236377988911e-003,6.946079e-001
3.014387778682667e-003,6.955395e-001
3.014540601787074e-003,6.960063e-001
3.014746858567153e-003,6.958492e-001
3.014925592879215e-003,6.951561e-001
3.015075764587092e-003,6.943452e-001
3.015238950907624e-003,6.935500e-001
3.015411053863215e-003,6.930847e-001
3.015633211775047e-003,6.930941e-001
3.015827210559752e-003,6.935225e-001
3.015997766123061e-003,6.940306e-001
3.016204955024073e-003,6.944749e-001
3.016401894653553e-003,6.945217e-001
3.016659188393621e-003,6.941020e-001
3.016854061326859e-003,6.936146e-001
3.017063277221030e-003,6.931682e-001
3.017292343682064e-003,6.929997e-001
3.017629350231759e-003,6.931975e-001
3.017877579852371e-003,6.934281e-001
3.018165689195999e-003,6.935027e-001
3.018437264101775e-003,6.932889e-001
3.018680117642183e-003,6.929668e-001
3.018957220491966e-003,6.926826e-001
3.019259461075762e-003,6.925997e-001
3.019560149428897e-003,6.926736e-001
3.019868131116044e-003,6.927105e-001
3.020219693257898e-003,6.925648e-001
3.020589932428283e-003,6.922938e-001
3.020979761588571e-003,6.920837e-001
3.021393748654041e-003,6.920129e-001
3.021783954395909e-003,6.919593e-001
3.022282171917710e-003,6.917654e-001
3.022833343358907e-003,6.915008e-001
3.023419738777081e-003,6.913067e-001
3.024096078280153e-003,6.911173e-001
3.024815795518888e-003,6.908426e-001
3.025572248245474e-003,6.905577e-001
3.026381010013624e-003,6.903007e-001
3.027279799537522e-003,6.899830e-001
3.028229274250649e-003,6.896368e-001
3.029464159086232e-003,6.892179e-001
3.030844375227870e-003,6.887312e-001
3.032267065180624e-003,6.882314e-001
3.033991597525011e-003,6.876356e-001
3.036710085619284e-003,6.866822e-001
3.040076868812040e-003,6.855093e-001
3.043734828818596e-003,6.842337e-001
3.047985550103016e-003,6.827539e-001
3.052659415856221e-003,6.811283e-001
3.058022093617294e-003,6.792652e-001
3.064287737871201e-003,6.770925e-001
3.071786259061360e-003,6.744957e-001
3.081175760095361e-003,6.712518e-001
3.209523974381072e-003,6.276950e-001
3.337872188666784e-003,5.855173e-001
3.466220402952496e-003,5.447186e-001
3.594568617238207e-003,5.052991e-001
3.722916831523919e-003,4.672586e-001
3.851265045809630e-003,4.305972e-001
3.979613260095342e-003,3.953149e-001
3.989378885095342e-003,3.926786e-001
3.990234376000001e-003,3.924485e-001
3.991945357809318e-003,3.919893e-001
3.995973290455904e-003,3.909045e-001
3.997185228511806e-003,3.905826e-001
3.997576124888196e-003,3.904769e-001
3.998436415494442e-003,3.902422e-001
3.998593411201374e-003,3.902012e-001
3.999372018172272e-003,3.899947e-001
4.000000001000001e-003,3.898239e-001
4.000000002000000e-003,3.890743e-001
4.000001499953630e-003,3.897686e-001
4.000002997907260e-003,3.912625e-001
4.000004495860890e-003,3.935562e-001
4.000005993814520e-003,3.966495e-001
4.000007491768150e-003,4.005426e-001
4.000008989721780e-003,4.052354e-001
4.000010487675411e-003,4.107279e-001
4.000019687864382e-003,4.512517e-001
4.000029510414930e-003,5.076720e-001
4.000042224871507e-003,5.923810e-001
4.000054925536378e-003,6.808304e-001
4.000068096433228e-003,7.691133e-001
4.000085941148439e-003,8.756902e-001
4.000103883743778e-003,9.628747e-001
4.000125103706013e-003,1.037627e+000
4.000146204313995e-003,1.082501e+000
4.000170707795370e-003,1.101508e+000
4.000196614405981e-003,1.089358e+000
4.000230470060962e-003,1.035139e+000
4.000270326275323e-003,9.331358e-001
4.000312062917172e-003,7.921209e-001
4.000363362193540e-003,5.904732e-001
4.000371780283211e-003,5.543426e-001
4.000388616462554e-003,4.777375e-001
4.000422288821240e-003,3.186964e-001
4.000489633538613e-003,-1.104699e-002
4.000553223517488e-003,-3.287758e-001
4.000612052304771e-003,-6.208034e-001
4.000672349186014e-003,-9.040945e-001
4.000746643959559e-003,-1.209288e+000
4.000835909520614e-003,-1.495716e+000
4.000917258669762e-003,-1.668129e+000
4.000984916871411e-003,-1.731856e+000
4.001064000346381e-003,-1.719029e+000
4.001140006163519e-003,-1.629643e+000
4.001227636054954e-003,-1.445807e+000
4.001324003716317e-003,-1.178125e+000
4.001391828325278e-003,-9.613246e-001
4.001450919769350e-003,-7.628121e-001
4.001510898578425e-003,-5.658534e-001
4.001582550617530e-003,-3.506405e-001
4.001663528089539e-003,-1.460912e-001
4.001741385535269e-003,-2.783280e-004
4.001818952795315e-003,8.688022e-002
4.001891788186938e-003,1.134709e-001
4.001963409760484e-003,8.786923e-002
4.002038250644507e-003,1.251777e-002
4.002119353366798e-003,-1.128930e-001
4.002197598659242e-003,-2.645995e-001
4.002271362573254e-003,-4.239948e-001
4.002337768167910e-003,-5.707527e-001
4.002404554127317e-003,-7.101509e-001
4.002492984620496e-003,-8.663462e-001
4.002606025162211e-003,-1.013225e+000
4.002688047094337e-003,-1.074178e+000
4.002757180217564e-003,-1.086755e+000
4.002827143606615e-003,-1.065581e+000
4.002903812027757e-003,-1.010348e+000
4.002978479044820e-003,-9.304661e-001
4.003061029865923e-003,-8.215456e-001
4.003130353353808e-003,-7.211180e-001
4.003203989865286e-003,-6.131565e-001
4.003272150465205e-003,-5.196450e-001
4.003348204640076e-003,-4.294660e-001
4.003423496377886e-003,-3.598224e-001
4.003497463261485e-003,-3.146883e-001
4.003571397892802e-003,-2.949200e-001
4.003650951940137e-003,-3.003511e-001
4.003722834917979e-003,-3.275677e-001
4.003801223767950e-003,-3.785264e-001
4.003896770885288e-003,-4.591290e-001
4.003968665947691e-003,-5.277176e-001
4.004037284955807e-003,-5.951440e-001
4.004106281441515e-003,-6.586558e-001
4.004201323882671e-003,-7.315526e-001
4.004315319089828e-003,-7.942200e-001
4.004394085176828e-003,-8.174602e-001
4.004462988858681e-003,-8.205543e-001
4.004532707782912e-003,-8.086944e-001
4.004613843724914e-003,-7.788433e-001
4.004722249529757e-003,-7.220898e-001
4.004797977928169e-003,-6.750351e-001
4.004866587013352e-003,-6.298188e-001
4.004935851968819e-003,-5.860939e-001
4.005023486924674e-003,-5.385142e-001
4.005133972326485e-003,-4.934642e-001
4.005218554040732e-003,-4.728410e-001
4.005287944238825e-003,-4.676405e-001
4.005358595293995e-003,-4.727239e-001
4.005429413896046e-003,-4.874498e-001
4.005534138719213e-003,-5.211188e-001
4.005616946282964e-003,-5.541179e-001
4.005686386117199e-003,-5.845178e-001
4.005756986710845e-003,-6.151390e-001
4.005832481282766e-003,-6.444966e-001
4.005939035473041e-003,-6.775652e-001
4.006029334816465e-003,-6.964868e-001
4.006098935825235e-003,-7.033315e-001
4.006168376370957e-003,-7.030800e-001
4.006238405715078e-003,-6.962799e-001
4.006327544301393e-003,-6.801086e-001
4.006421293982922e-003,-6.571338e-001
4.006492307798759e-003,-6.369671e-001
4.006561648385700e-003,-6.164612e-001
4.006631519271022e-003,-5.968590e-001
4.006722919494347e-003,-5.750964e-001
4.006834729621885e-003,-5.554848e-001
4.006916336331074e-003,-5.472811e-001
4.006985574666787e-003,-5.455475e-001
4.007055899596910e-003,-5.483828e-001
4.007130916274178e-003,-5.559410e-001
4.007237054834298e-003,-5.718583e-001
4.007316960626337e-003,-5.864261e-001
4.007386341803033e-003,-6.001040e-001
4.007456630836150e-003,-6.136231e-001
4.007538002546032e-003,-6.273888e-001
4.007646571084649e-003,-6.416442e-001
4.007734079927337e-003,-6.489984e-001
4.007803762783215e-003,-6.512558e-001
4.007881876735309e-003,-6.501519e-001
4.007955209285233e-003,-6.459752e-001
4.008055440554834e-003,-6.366262e-001
4.008138437771472e-003,-6.268414e-001
4.008208090908328e-003,-6.177132e-001
4.008279115608668e-003,-6.083665e-001
4.008350010999601e-003,-5.998566e-001
4.008454274872869e-003,-5.896778e-001
4.008552284916023e-003,-5.830609e-001
4.008627800310401e-003,-5.806241e-001
4.008708246873099e-003,-5.808071e-001
4.008795699030998e-003,-5.837088e-001
4.008887364918658e-003,-5.891270e-001
4.008969256432403e-003,-5.954528e-001
4.009038969695263e-003,-6.015009e-001
4.009114714847809e-003,-6.081809e-001
4.009185411796738e-003,-6.139363e-001
4.009287087069597e-003,-6.207370e-001
4.009389901414164e-003,-6.254479e-001
4.009483269243161e-003,-6.272782e-001
4.009586159546855e-003,-6.265987e-001
4.009682695117571e-003,-6.237215e-001
4.009793864372350e-003,-6.185047e-001
4.009867233384645e-003,-6.143630e-001
4.009936094794937e-003,-6.102520e-001
4.010010766148165e-003,-6.060033e-001
4.010098272828611e-003,-6.017721e-001
4.010212729745214e-003,-5.978804e-001
4.010331996925684e-003,-5.960497e-001
4.010444925506879e-003,-5.965852e-001
4.010560528882197e-003,-5.990688e-001
4.010649991066088e-003,-6.019881e-001
4.010722390230976e-003,-6.047734e-001
4.010802609667477e-003,-6.079403e-001
4.010888310195485e-003,-6.110692e-001
4.010982717489864e-003,-6.138235e-001
4.011105862196781e-003,-6.159909e-001
4.011241665710965e-003,-6.164714e-001
4.011369757691862e-003,-6.152089e-001
4.011467507189089e-003,-6.132786e-001
4.011551720983877e-003,-6.111544e-001
4.011643176588937e-003,-6.087179e-001
4.011741091154475e-003,-6.062973e-001
4.011844425400743e-003,-6.042753e-001
4.011963396922793e-003,-6.029193e-001
4.012103091315582e-003,-6.027223e-001
4.012254986928778e-003,-6.039071e-001
4.012364558515559e-003,-6.054756e-001
4.012465442988288e-003,-6.072159e-001
4.012579761271714e-003,-6.091183e-001
4.012691149176562e-003,-6.105820e-001
4.012824238515175e-003,-6.115246e-001
4.012986517215956e-003,-6.115193e-001
4.013131232622634e-003,-6.105926e-001
4.013247090712144e-003,-6.093644e-001
4.013363291973563e-003,-6.079865e-001
4.013493426025708e-003,-6.066204e-001
4.013627136539837e-003,-6.057032e-001
4.013793293462041e-003,-6.054122e-001
4.013972471830135e-003,-6.059715e-001
4.014106112289062e-003,-6.068403e-001
4.014235626307641e-003,-6.078211e-001
4.014387057467071e-003,-6.087828e-001
4.014539634556474e-003,-6.092801e-001
4.014745470397575e-003,-6.091653e-001
4.014924421527190e-003,-6.085058e-001
4.015074557661669e-003,-6.077219e-001
4.015237440538235e-003,-6.069546e-001
4.015409449597793e-003,-6.065156e-001
4.015630693024275e-003,-6.065586e-001
4.015824878562125e-003,-6.070193e-001
4.015995249154657e-003,-6.075578e-001
4.016202702503164e-003,-6.080441e-001
4.016398888813921e-003,-6.081297e-001
4.016660614415635e-003,-6.077520e-001
4.016857411125866e-003,-6.072963e-001
4.017067006261367e-003,-6.068890e-001
4.017296242622535e-003,-6.067656e-001
4.017635250836694e-003,-6.070298e-001
4.017885695486347e-003,-6.073059e-001
4.018172276730739e-003,-6.074246e-001
4.018446409740161e-003,-6.072516e-001
4.018689276314467e-003,-6.069726e-001
4.018968532155672e-003,-6.067414e-001
4.019271095448198e-003,-6.067196e-001
4.019569324802801e-003,-6.068485e-001
4.019879208990313e-003,-6.069379e-001
4.020229737543549e-003,-6.068506e-001
4.020588496255192e-003,-6.066496e-001
4.020975421490146e-003,-6.065093e-001
4.021387406799089e-003,-6.065121e-001
4.021777150688602e-003,-6.065288e-001
4.022274939233396e-003,-6.064253e-001
4.022830764953387e-003,-6.062577e-001
4.023417352177926e-003,-6.061678e-001
4.024092738553331e-003,-6.060992e-001
4.024817473639380e-003,-6.059521e-001
4.025577392887273e-003,-6.058016e-001
4.026387611830649e-003,-6.056885e-001
4.027288395324187e-003,-6.055304e-001
4.028239573987980e-003,-6.053531e-001
4.029471388938099e-003,-6.051546e-001
4.030852862204015e-003,-6.049131e-001
4.032275972887025e-003,-6.046664e-001
4.033995380242146e-003,-6.043778e-001
4.036694154779748e-003,-6.039104e-001
4.040053783488358e-003,-6.033358e-001
4.043703945212766e-003,-6.027092e-001
4.047940781734494e-003,-6.019834e-001
4.052605372045952e-003,-6.011844e-001
4.057950768139445e-003,-6.002688e-001
4.064198163353543e-003,-5.992002e-001
4.071672484459529e-003,-5.979215e-001
4.081029365522829e-003,-5.963230e-001
4.209377579808541e-003,-5.745053e-001
4.337725794094252e-003,-5.530235e-001
4.466074008379964e-003,-5.318775e-001
4.594422222665675e-003,-5.110673e-001
4.722770436951387e-003,-4.905930e-001
4.851118651237099e-003,-4.704545e-001
4.979466865522810e-003,-4.506519e-001
4.989232490522810e-003,-4.491614e-001
4.990234375000000e-003,-4.490090e-001
4.992238143954382e-003,-4.487050e-001
4.996245681863145e-003,-4.480950e-001
5.000000000000000e-003,-4.475273e-001
5.000000001000000e-003,-4.467778e-001
5.000002813390017e-003,-4.494889e-001
5.000005625780035e-003,-4.542531e-001
5.000008438170052e-003,-4.610706e-001
5.000011250560070e-003,-4.699412e-001
5.000014062950087e-003,-4.808651e-001
5.000016875340105e-003,-4.938421e-001
5.000019687730122e-003,-5.088723e-001
5.000029510749345e-003,-5.652234e-001
5.000042227303268e-003,-6.498518e-001
5.000055021752564e-003,-7.387945e-001
5.000068827782402e-003,-8.312802e-001
5.000085450238116e-003,-9.303735e-001
5.000104208636667e-003,-1.021538e+000
5.000124681489986e-003,-1.093826e+000
5.000146565948239e-003,-1.140501e+000
5.000170365824846e-003,-1.159319e+000
5.000196533784027e-003,-1.147305e+000
5.000230289821799e-003,-1.093781e+000
5.000270230386659e-003,-9.920998e-001
5.000311837307377e-003,-8.521013e-001
5.000363114298577e-003,-6.512384e-001
5.000371444909007e-003,-6.155944e-001
5.000388106129869e-003,-5.399882e-001
5.000421428571590e-003,-3.829408e-001
5.000488073455034e-003,-5.708893e-002
5.000550637944833e-003,2.554124e-001
5.000608338916580e-003,5.423159e-001
5.000667641011223e-003,8.225130e-001
5.000740630826486e-003,1.125089e+000
5.000833778333227e-003,1.427717e+000
5.000916752796581e-003,1.606414e+000
5.000984095408627e-003,1.671047e+000
5.001063334311502e-003,1.659280e+000
5.001138780588959e-003,1.571655e+000
5.001226339870026e-003,1.388875e+000
5.001324423286310e-003,1.117146e+000
5.001392396137777e-003,9.002190e-001
5.001451459959252e-003,7.020418e-001
5.001511367377566e-003,5.057117e-001
5.001583560346228e-003,2.887988e-001
5.001659248957930e-003,9.664404e-002
5.001736285375010e-003,-4.996416e-002
5.001813133018849e-003,-1.395192e-001
5.001888757283505e-003,-1.702290e-001
5.001959938779908e-003,-1.472812e-001
5.002035158700142e-003,-7.384938e-002
5.002112872558463e-003,4.403113e-002
5.002191465812383e-003,1.946134e-001
5.002264610669804e-003,3.516124e-001
5.002330811855279e-003,4.979011e-001
5.002397579936449e-003,6.384109e-001
5.002482937578391e-003,7.925066e-001
5.002593503283522e-003,9.424564e-001
5.002677275331301e-003,1.010599e+000
5.002746443516603e-003,1.028211e+000
5.002816640315898e-003,1.011972e+000
5.002888551669043e-003,9.649965e-001
5.002963308268891e-003,8.892388e-001
5.003045206022041e-003,7.846045e-001
5.003114219487816e-003,6.858737e-001
5.003181990815273e-003,5.860099e-001
5.003250310610066e-003,4.905799e-001
5.003340120925354e-003,3.807110e-001
5.003415412472335e-003,3.079032e-001
5.003486493103248e-003,2.615072e-001
5.003558318308780e-003,2.380726e-001
5.003629658633877e-003,2.379117e-001
5.003701655907362e-003,2.605420e-001
5.003790178186696e-003,3.135354e-001
5.003885331440344e-003,3.908501e-001
5.003956309219756e-003,4.577512e-001
5.004024591672585e-003,5.249059e-001
5.004093450009346e-003,5.893601e-001
5.004182999081900e-003,6.609625e-001
5.004293819883610e-003,7.269229e-001
5.004376414770082e-003,7.557708e-001
5.004445582435505e-003,7.626092e-001
5.004515898218060e-003,7.542832e-001
5.004588474047723e-003,7.315003e-001
5.004678980604284e-003,6.879479e-001
5.004776246779501e-003,6.299799e-001
5.004848574026223e-003,5.829646e-001
5.004921890004051e-003,5.359074e-001
5.004999125935584e-003,4.919574e-001
5.005103418060063e-003,4.459005e-001
5.005203711311786e-003,4.175906e-001
5.005275246612362e-003,4.099702e-001
5.005352302405147e-003,4.140221e-001
5.005421875520701e-003,4.275016e-001
5.005525337252893e-003,4.598432e-001
5.005609395255804e-003,4.928422e-001
5.005678940001694e-003,5.231219e-001
5.005749801825816e-003,5.539687e-001
5.005821785581587e-003,5.823742e-001
5.005927129579401e-003,6.159540e-001
5.006022523143691e-003,6.369025e-001
5.006092746580320e-003,6.444949e-001
5.006161791655792e-003,6.448048e-001
5.006231520937491e-003,6.385916e-001
5.006317969487711e-003,6.234977e-001
5.006414328359824e-003,6.003499e-001
5.006485723450932e-003,5.802693e-001
5.006554789218837e-003,5.598600e-001
5.006624497063539e-003,5.401551e-001
5.006713014947878e-003,5.186542e-001
5.006823500134465e-003,4.985175e-001
5.006907136635667e-003,4.894171e-001
5.006976514176566e-003,4.871036e-001
5.007047165133870e-003,4.893828e-001
5.007118108594184e-003,4.959892e-001
5.007222444113304e-003,5.110052e-001
5.007305239418515e-003,5.257713e-001
5.007374855928445e-003,5.394047e-001
5.007445611097276e-003,5.531247e-001
5.007521470104312e-003,5.662975e-001
5.007628225451169e-003,5.810646e-001
5.007718254802908e-003,5.894405e-001
5.007788011233995e-003,5.924500e-001
5.007857677114390e-003,5.922061e-001
5.007934981860649e-003,5.886512e-001
5.008022778952705e-003,5.813217e-001
5.008111166690530e-003,5.714577e-001
5.008181603440383e-003,5.624406e-001
5.008251420378794e-003,5.531823e-001
5.008321731525495e-003,5.443621e-001
5.008414183386749e-003,5.345630e-001
5.008526594260580e-003,5.258470e-001
5.008607720288486e-003,5.223737e-001
5.008686136508872e-003,5.218664e-001
5.008774398889552e-003,5.241272e-001
5.008862836594117e-003,5.288365e-001
5.008953732986318e-003,5.355266e-001
5.009024550141243e-003,5.415476e-001
5.009094271779707e-003,5.477104e-001
5.009164516053810e-003,5.535959e-001
5.009256171370618e-003,5.601000e-001
5.009368217929631e-003,5.658232e-001
5.009464342432650e-003,5.682462e-001
5.009568864100437e-003,5.680486e-001
5.009663805059837e-003,5.655764e-001
5.009773758652619e-003,5.606948e-001
5.009851023645253e-003,5.564329e-001
5.009920137768941e-003,5.523143e-001
5.009995024492661e-003,5.479720e-001
5.010075633184146e-003,5.438868e-001
5.010187289385120e-003,5.397130e-001
5.010309866207593e-003,5.373288e-001
5.010421958863629e-003,5.374172e-001
5.010538241236046e-003,5.395762e-001
5.010636523298453e-003,5.426012e-001
5.010709398114568e-003,5.453405e-001
5.010787897123032e-003,5.484349e-001
5.010873556236977e-003,5.516165e-001
5.010963593909052e-003,5.543703e-001
5.011083090723109e-003,5.567061e-001
5.011222645931799e-003,5.575095e-001
5.011348586554246e-003,5.565054e-001
5.011452220135356e-003,5.545816e-001
5.011536516449438e-003,5.525029e-001
5.011626241666645e-003,5.501056e-001
5.011724408835941e-003,5.476171e-001
5.011825697808303e-003,5.455133e-001
5.011940241149981e-003,5.440497e-001
5.012092660563488e-003,5.436139e-001
5.012236585817724e-003,5.445471e-001
5.012338633594686e-003,5.459237e-001
5.012435954189244e-003,5.475684e-001
5.012552071987077e-003,5.495356e-001
5.012660645169701e-003,5.510669e-001
5.012790661615457e-003,5.521990e-001
5.012937337309229e-003,5.524582e-001
5.013090815238925e-003,5.517076e-001
5.013207479054296e-003,5.505760e-001
5.013319955035441e-003,5.492419e-001
5.013452763703808e-003,5.477417e-001
5.013579599671828e-003,5.466843e-001
5.013736886624498e-003,5.461599e-001
5.013945474227533e-003,5.465529e-001
5.014096694318159e-003,5.474297e-001
5.014227662527734e-003,5.483972e-001
5.014381901734435e-003,5.493813e-001
5.014529604279139e-003,5.498808e-001
5.014732990132800e-003,5.497924e-001
5.014915615586951e-003,5.491295e-001
5.015066265851595e-003,5.483307e-001
5.015226946860441e-003,5.475394e-001
5.015398641294283e-003,5.470473e-001
5.015613219060744e-003,5.470186e-001
5.015809277235421e-003,5.474355e-001
5.015978531076149e-003,5.479502e-001
5.016188640287355e-003,5.484463e-001
5.016379846760146e-003,5.485275e-001
5.016690685854722e-003,5.480563e-001
5.016907670025364e-003,5.475485e-001
5.017123961261907e-003,5.471463e-001
5.017356382237530e-003,5.470427e-001
5.017612160438239e-003,5.472474e-001
5.017832115193267e-003,5.474961e-001
5.018111880113179e-003,5.476338e-001
5.018378241154978e-003,5.474859e-001
5.018628045710210e-003,5.471789e-001
5.018893094930501e-003,5.468950e-001
5.019195722506116e-003,5.467926e-001
5.019566505863430e-003,5.468817e-001
5.019893122872166e-003,5.469315e-001
5.020256585937572e-003,5.467967e-001
5.020640649876222e-003,5.465420e-001
5.021045148056607e-003,5.463654e-001
5.021465081663536e-003,5.463310e-001
5.021857711359647e-003,5.462949e-001
5.022348419062862e-003,5.461199e-001
5.022841031203786e-003,5.459118e-001
5.023424617911834e-003,5.457591e-001
5.024107834751337e-003,5.456116e-001
5.024780962109319e-003,5.453953e-001
5.025509622755916e-003,5.451643e-001
5.026304425897007e-003,5.449630e-001
5.027179942345639e-003,5.447108e-001
5.028111267677937e-003,5.444288e-001
5.029388243407668e-003,5.440757e-001
5.030756892478052e-003,5.436804e-001
5.032177587666087e-003,5.432704e-001
5.033969134708021e-003,5.427648e-001
5.036955686127847e-003,5.419071e-001
5.040405039773608e-003,5.409233e-001
5.044191005685718e-003,5.398424e-001
5.048611188957016e-003,5.385827e-001
5.053407956058997e-003,5.372171e-001
5.058977996945769e-003,5.356330e-001
5.065441244811372e-003,5.337988e-001
5.073193574852702e-003,5.316018e-001
5.082889272981566e-003,5.288609e-001
5.212632576552992e-003,4.928638e-001
5.342375880124418e-003,4.580465e-001
5.472119183695844e-003,4.244089e-001
5.601862487267270e-003,3.919510e-001
5.731605790838696e-003,3.606729e-001
5.861349094410121e-003,3.305744e-001
5.991092397981547e-003,3.016557e-001
6.000000001000001e-003,2.997048e-001
6.000000002000000e-003,2.989553e-001
6.000001499953630e-003,2.996496e-001
6.000002997907260e-003,3.011437e-001
6.000004495860890e-003,3.034375e-001
6.000005993814520e-003,3.065309e-001
6.000007491768150e-003,3.104241e-001
6.000008989721781e-003,3.151170e-001
6.000010487675411e-003,3.206096e-001
6.000019687821072e-003,3.611338e-001
6.000029510360360e-003,4.171747e-001
6.000039475904518e-003,4.830963e-001
6.000050661460904e-003,5.612469e-001
6.000062862740357e-003,6.446456e-001
6.000080972641449e-003,7.576935e-001
6.000098066377097e-003,8.468769e-001
6.000119191770904e-003,9.298338e-001
6.000139351456579e-003,9.809706e-001
6.000163629476612e-003,1.009185e+000
6.000188171888420e-003,1.005665e+000
6.000223835015081e-003,9.570789e-001
6.000264551061221e-003,8.599120e-001
6.000305439490226e-003,7.265664e-001
6.000354848567322e-003,5.370514e-001
6.000362688331640e-003,5.040828e-001
6.000378367860275e-003,4.339843e-001
6.000409726917547e-003,2.879831e-001
6.000472445032090e-003,-1.643241e-002
6.000541919668249e-003,-3.628027e-001
6.000599267107051e-003,-6.491245e-001
6.000658070410420e-003,-9.308546e-001
6.000726843331629e-003,-1.221945e+000
6.000828678347303e-003,-1.561743e+000
6.000915732104406e-003,-1.755430e+000
6.000982672646765e-003,-1.821759e+000
6.001061864356510e-003,-1.811411e+000
6.001136530118282e-003,-1.725975e+000
6.001224621959313e-003,-1.544183e+000
6.001316110967794e-003,-1.292891e+000
6.001384616506144e-003,-1.075062e+000
6.001444028570379e-003,-8.756286e-001
6.001504607222710e-003,-6.754050e-001
6.001572571746745e-003,-4.686062e-001
6.001656535059619e-003,-2.519498e-001
6.001735470775298e-003,-9.794245e-002
6.001807513396115e-003,-1.056501e-002
6.001880480939787e-003,2.305698e-002
6.001953596100240e-003,4.099654e-003
6.002028505637529e-003,-6.538256e-002
6.002110696428245e-003,-1.873804e-001
6.002184217852708e-003,-3.267746e-001
6.002258945109059e-003,-4.868547e-001
6.002325677939130e-003,-6.345845e-001
6.002393090168800e-003,-7.776543e-001
6.002475781790237e-003,-9.295241e-001
6.002585342810582e-003,-1.082660e+000
6.002670513162301e-003,-1.156109e+000
6.002739718280716e-003,-1.176873e+000
6.002811841799005e-003,-1.162870e+000
6.002883378617862e-003,-1.117807e+000
6.002963828263996e-003,-1.037474e+000
6.003038744030001e-003,-9.425181e-001
6.003106887043866e-003,-8.451229e-001
6.003174866279064e-003,-7.446944e-001
6.003243548965028e-003,-6.471305e-001
6.003318774025065e-003,-5.516769e-001
6.003393943391578e-003,-4.739551e-001
6.003468472651382e-003,-4.190667e-001
6.003541974950823e-003,-3.889721e-001
6.003612575030131e-003,-3.834235e-001
6.003684169323044e-003,-4.004762e-001
6.003762126522102e-003,-4.407651e-001
6.003836770257080e-003,-4.963480e-001
6.003920711728839e-003,-5.719997e-001
6.003991526860561e-003,-6.409684e-001
6.004063700378207e-003,-7.109440e-001
6.004136495301424e-003,-7.745240e-001
6.004242618072342e-003,-8.489023e-001
6.004335118813775e-003,-8.931438e-001
6.004404854548407e-003,-9.091991e-001
6.004474094048218e-003,-9.093073e-001
6.004543948638446e-003,-8.948609e-001
6.004631996647918e-003,-8.599574e-001
6.004727876139792e-003,-8.081063e-001
6.004799098186685e-003,-7.632304e-001
6.004867871481313e-003,-7.178934e-001
6.004937240137497e-003,-6.743065e-001
6.005026710593104e-003,-6.262244e-001
6.005137551926730e-003,-5.818204e-001
6.005220365052844e-003,-5.622910e-001
6.005289577622776e-003,-5.576017e-001
6.005359978911828e-003,-5.630983e-001
6.005432127597196e-003,-5.784964e-001
6.005537413559582e-003,-6.127757e-001
6.005619293024164e-003,-6.456037e-001
6.005688656960811e-003,-6.759959e-001
6.005759101112713e-003,-7.064241e-001
6.005836440508430e-003,-7.361980e-001
6.005943603092955e-003,-7.688439e-001
6.006033011424889e-003,-7.869464e-001
6.006102587985098e-003,-7.932729e-001
6.006172233444560e-003,-7.925388e-001
6.006242373336656e-003,-7.852594e-001
6.006333911264810e-003,-7.681572e-001
6.006425414107945e-003,-7.454063e-001
6.006496089680891e-003,-7.252147e-001
6.006565679822240e-003,-7.046627e-001
6.006635698982523e-003,-6.851853e-001
6.006729559336862e-003,-6.632653e-001
6.006842551195030e-003,-6.441419e-001
6.006922406045956e-003,-6.366860e-001
6.006991513012898e-003,-6.354371e-001
6.007061560699102e-003,-6.387200e-001
6.007140209931086e-003,-6.471114e-001
6.007247533244998e-003,-6.636769e-001
6.007324637547678e-003,-6.779270e-001
6.007393782261404e-003,-6.915768e-001
6.007463661660727e-003,-7.048747e-001
6.007549411986627e-003,-7.190125e-001
6.007659385836361e-003,-7.327795e-001
6.007744516211101e-003,-7.393005e-001
6.007814078752304e-003,-7.410344e-001
6.007891795968415e-003,-7.394135e-001
6.007966049690455e-003,-7.347337e-001
6.008070610749104e-003,-7.244874e-001
6.008152162933217e-003,-7.146338e-001
6.008221732269778e-003,-7.054526e-001
6.008292365242348e-003,-6.962634e-001
6.008369762853236e-003,-6.872884e-001
6.008476991658193e-003,-6.774468e-001
6.008566366651007e-003,-6.720380e-001
6.008641045167404e-003,-6.701545e-001
6.008723285680830e-003,-6.708364e-001
6.008810839335298e-003,-6.742113e-001
6.008905168221264e-003,-6.801746e-001
6.008982679671173e-003,-6.863508e-001
6.009052016004060e-003,-6.924295e-001
6.009122662585975e-003,-6.986284e-001
6.009194108218877e-003,-7.043384e-001
6.009298559495364e-003,-7.111136e-001
6.009396037719834e-003,-7.153553e-001
6.009488135553346e-003,-7.169589e-001
6.009590433266236e-003,-7.161124e-001
6.009687822329184e-003,-7.131234e-001
6.009786909940280e-003,-7.084486e-001
6.009858246730168e-003,-7.044187e-001
6.009927340795297e-003,-7.002921e-001
6.010002172435598e-003,-6.959969e-001
6.010086839675223e-003,-6.918125e-001
6.010199729538648e-003,-6.878013e-001
6.010320691551784e-003,-6.857207e-001
6.010433022137596e-003,-6.860535e-001
6.010549081469399e-003,-6.883959e-001
6.010642463241508e-003,-6.913658e-001
6.010715078491040e-003,-6.941313e-001
6.010794515868449e-003,-6.972657e-001
6.010880181799488e-003,-7.004197e-001
6.010972013225666e-003,-7.031602e-001
6.011093916506746e-003,-7.054192e-001
6.011230967902354e-003,-7.060491e-001
6.011358433430087e-003,-7.049048e-001
6.011459303325800e-003,-7.029684e-001
6.011543602162548e-003,-7.008634e-001
6.011634224027679e-003,-6.984457e-001
6.011732239755536e-003,-6.959948e-001
6.011834636390569e-003,-6.939355e-001
6.011951418765771e-003,-6.925230e-001
6.012093073771487e-003,-6.922163e-001
6.012243390947898e-003,-6.932856e-001
6.012350715722526e-003,-6.947739e-001
6.012450221544142e-003,-6.964745e-001
6.012565366430591e-003,-6.984092e-001
6.012675328217349e-003,-6.999058e-001
6.012806862578630e-003,-7.009401e-001
6.012961162175914e-003,-7.010688e-001
6.013109290227977e-003,-7.002276e-001
6.013225496283364e-003,-6.990446e-001
6.013339892646112e-003,-6.976855e-001
6.013471124126848e-003,-6.962525e-001
6.013601287543267e-003,-6.952601e-001
6.013762311144398e-003,-6.948679e-001
6.013975341920374e-003,-6.954421e-001
6.014121538073092e-003,-6.963606e-001
6.014252394970543e-003,-6.973363e-001
6.014404806022702e-003,-6.982614e-001
6.014558022129649e-003,-6.986910e-001
6.014773585799272e-003,-6.984677e-001
6.014950289603599e-003,-6.977574e-001
6.015101029496765e-003,-6.969615e-001
6.015280727178618e-003,-6.961596e-001
6.015448430266341e-003,-6.958216e-001
6.015696876126720e-003,-6.960148e-001
6.015890485098585e-003,-6.965293e-001
6.016065424199175e-003,-6.970583e-001
6.016267169788645e-003,-6.974136e-001
6.016483341036911e-003,-6.973701e-001
6.016695531306510e-003,-6.969734e-001
6.016884056626085e-003,-6.965148e-001
6.017126242003774e-003,-6.960845e-001
6.017349270043033e-003,-6.959993e-001
6.017590640803506e-003,-6.962104e-001
6.017802059698874e-003,-6.964671e-001
6.018084435510408e-003,-6.966411e-001
6.018346005526773e-003,-6.965311e-001
6.018598256954239e-003,-6.962436e-001
6.018859471040848e-003,-6.959736e-001
6.019164224248884e-003,-6.958777e-001
6.019578927353482e-003,-6.959901e-001
6.019922802298381e-003,-6.960509e-001
6.020293366567663e-003,-6.959248e-001
6.020667322049624e-003,-6.957058e-001
6.021124665161528e-003,-6.955562e-001
6.021536930796573e-003,-6.955564e-001
6.021933391030625e-003,-6.955350e-001
6.022421876589921e-003,-6.953764e-001
6.022883455388003e-003,-6.952131e-001
6.023457851727249e-003,-6.951103e-001
6.024069228501626e-003,-6.950201e-001
6.024733368643820e-003,-6.948479e-001
6.025436707993732e-003,-6.946693e-001
6.026213121830412e-003,-6.945237e-001
6.027068315123583e-003,-6.943346e-001
6.027985458870411e-003,-6.941156e-001
6.029314521810571e-003,-6.938330e-001
6.030704797980411e-003,-6.935224e-001
6.032141272286675e-003,-6.932003e-001
6.034037863655938e-003,-6.927872e-001
6.037051065870058e-003,-6.921170e-001
6.040686609207594e-003,-6.913143e-001
6.044493683710900e-003,-6.904722e-001
6.049079983364228e-003,-6.894593e-001
6.053996125212964e-003,-6.883740e-001
6.059721589322509e-003,-6.871106e-001
6.066395843447490e-003,-6.856399e-001
6.074353765755519e-003,-6.838872e-001
6.084119390755519e-003,-6.817397e-001
6.213564388504731e-003,-6.535111e-001
6.343009386253942e-003,-6.258367e-001
6.472454384003154e-003,-5.987166e-001
6.601899381752365e-003,-5.721507e-001
6.731344379501577e-003,-5.461391e-001
6.860789377250789e-003,-5.206817e-001
6.990234375000000e-003,-4.957785e-001
7.000000000000000e-003,-4.939222e-001
7.000000001000000e-003,-4.931727e-001
7.000002813386499e-003,-4.958837e-001
7.000005625772997e-003,-5.006479e-001
7.000008438159496e-003,-5.074653e-001
7.000011250545994e-003,-5.163358e-001
7.000014062932493e-003,-5.272595e-001
7.000016875318991e-003,-5.402365e-001
7.000019687705490e-003,-5.552666e-001
7.000029510718306e-003,-6.116174e-001
7.000042227243693e-003,-6.962453e-001
7.000055021683737e-003,-7.849796e-001
7.000070664819996e-003,-8.891533e-001
7.000087083765039e-003,-9.855911e-001
7.000106426354543e-003,-1.077230e+000
7.000126375888185e-003,-1.144990e+000
7.000148966454772e-003,-1.190156e+000
7.000172582033578e-003,-1.205704e+000
7.000200586121988e-003,-1.189270e+000
7.000233863634148e-003,-1.132880e+000
7.000274475568947e-003,-1.025625e+000
7.000316171437520e-003,-8.822724e-001
7.000369136967161e-003,-6.713958e-001
7.000377787101740e-003,-6.338957e-001
7.000395087370899e-003,-5.545057e-001
7.000429687909217e-003,-3.900017e-001
7.000498888985854e-003,-4.986932e-002
7.000560953078353e-003,2.601091e-001
7.000625754327174e-003,5.795518e-001
7.000685754634779e-003,8.551669e-001
7.000767458896728e-003,1.177714e+000
7.000849764005302e-003,1.426372e+000
7.000926860476567e-003,1.574566e+000
7.000995783543061e-003,1.628910e+000
7.001071756993483e-003,1.606773e+000
7.001150113827668e-003,1.506061e+000
7.001235709630031e-003,1.318909e+000
7.001340054102400e-003,1.021846e+000
7.001407233313189e-003,8.050169e-001
7.001465751717650e-003,6.086544e-001
7.001524683427080e-003,4.185087e-001
7.001604764092400e-003,1.861646e-001
7.001681959138611e-003,2.450257e-003
7.001759436739016e-003,-1.288858e-001
7.001836095023560e-003,-2.011487e-001
7.001909687331958e-003,-2.148892e-001
7.001982119156395e-003,-1.758340e-001
7.002066428706198e-003,-7.675168e-002
7.002145142288874e-003,5.575912e-002
7.002224856310696e-003,2.176816e-001
7.002292461637883e-003,3.658198e-001
7.002361124214806e-003,5.161297e-001
7.002428205040385e-003,6.504501e-001
7.002528796818798e-003,8.157836e-001
7.002626349832290e-003,9.294727e-001
7.002698330239915e-003,9.738699e-001
7.002767441004612e-003,9.804634e-001
7.002837204234144e-003,9.547194e-001
7.002916849778204e-003,8.926703e-001
7.002991510961015e-003,8.094010e-001
7.003074433976061e-003,6.975557e-001
7.003144068608675e-003,5.960690e-001
7.003215237745450e-003,4.925544e-001
7.003285647736427e-003,3.987014e-001
7.003373733803597e-003,3.000036e-001
7.003448005464685e-003,2.382799e-001
7.003523893136921e-003,2.004824e-001
7.003594691420575e-003,1.888113e-001
7.003666270629425e-003,1.999500e-001
7.003738430035105e-003,2.332531e-001
7.003843273381027e-003,3.082511e-001
7.003925135299302e-003,3.808856e-001
7.003993913439898e-003,4.479713e-001
7.004063979183062e-003,5.158406e-001
7.004137534831559e-003,5.800549e-001
7.004242916455110e-003,6.539967e-001
7.004335082362086e-003,6.982311e-001
7.004404775861131e-003,7.144732e-001
7.004473995891805e-003,7.148072e-001
7.004543851060638e-003,7.005993e-001
7.004631437149562e-003,6.666778e-001
7.004710898114582e-003,6.243784e-001
7.004797928904136e-003,5.699459e-001
7.004877117323081e-003,5.182067e-001
7.004949447145500e-003,4.733803e-001
7.005040885766466e-003,4.247159e-001
7.005127051461677e-003,3.901775e-001
7.005210748840134e-003,3.696606e-001
7.005281187685475e-003,3.635785e-001
7.005353905829503e-003,3.680805e-001
7.005424793021908e-003,3.822494e-001
7.005527912796909e-003,4.147915e-001
7.005611130786328e-003,4.476105e-001
7.005680618803963e-003,4.778860e-001
7.005751374384219e-003,5.086162e-001
7.005824457362067e-003,5.372959e-001
7.005930120764785e-003,5.706735e-001
7.006023918229795e-003,5.909687e-001
7.006093944605570e-003,5.983312e-001
7.006163104935063e-003,5.984802e-001
7.006232922137681e-003,5.921054e-001
7.006320192188906e-003,5.767139e-001
7.006415773302016e-003,5.536460e-001
7.006487049429992e-003,5.335662e-001
7.006556193337683e-003,5.131540e-001
7.006625946389023e-003,4.935033e-001
7.006715326535198e-003,4.719437e-001
7.006826203321858e-003,4.519828e-001
7.006909290588531e-003,4.431560e-001
7.006978633536739e-003,4.410177e-001
7.007049194854695e-003,4.434553e-001
7.007120851079090e-003,4.502752e-001
7.007225920321472e-003,4.655593e-001
7.007308119824051e-003,4.802940e-001
7.007377690230302e-003,4.939297e-001
7.007448332053855e-003,5.075804e-001
7.007525779434602e-003,5.209126e-001
7.007633082419329e-003,5.355171e-001
7.007722376576229e-003,5.435782e-001
7.007792117245918e-003,5.463749e-001
7.007862928125853e-003,5.459224e-001
7.007939790414136e-003,5.421687e-001
7.008030247015206e-003,5.344012e-001
7.008116762201918e-003,5.246152e-001
7.008186933409205e-003,5.155833e-001
7.008257027793705e-003,5.063078e-001
7.008327496272446e-003,4.975561e-001
7.008422646876630e-003,4.876930e-001
7.008536369644693e-003,4.792351e-001
7.008616097205985e-003,4.761251e-001
7.008695450558303e-003,4.759108e-001
7.008783018744576e-003,4.784448e-001
7.008872952178781e-003,4.834619e-001
7.008960071916712e-003,4.900069e-001
7.009030421030943e-003,4.960366e-001
7.009100533491483e-003,5.022256e-001
7.009171042493235e-003,5.080738e-001
7.009265659433848e-003,5.146316e-001
7.009379161625438e-003,5.200709e-001
7.009486689215026e-003,5.223591e-001
7.009584206970987e-003,5.217441e-001
7.009685253216620e-003,5.187026e-001
7.009791142721238e-003,5.137432e-001
7.009863398789284e-003,5.096646e-001
7.009932343209064e-003,5.055504e-001
7.010007115628786e-003,5.012831e-001
7.010093674446665e-003,4.970617e-001
7.010207555914326e-003,4.931195e-001
7.010327615323427e-003,4.911855e-001
7.010440328730974e-003,4.916351e-001
7.010556211731390e-003,4.940571e-001
7.010647374979903e-003,4.969937e-001
7.010719895523731e-003,4.997644e-001
7.010799847648548e-003,5.029097e-001
7.010885588533336e-003,5.060386e-001
7.010978788945291e-003,5.087693e-001
7.011101415349522e-003,5.109573e-001
7.011237740968259e-003,5.114827e-001
7.011365679444172e-003,5.102572e-001
7.011464196659080e-003,5.083293e-001
7.011548505884720e-003,5.062090e-001
7.011639772358005e-003,5.037751e-001
7.011737769341195e-003,5.013403e-001
7.011840821168708e-003,4.993012e-001
7.011959355405536e-003,4.979171e-001
7.012099807788459e-003,4.976759e-001
7.012251306208331e-003,4.988131e-001
7.012360036186465e-003,5.003449e-001
7.012460457496586e-003,5.020632e-001
7.012575118898551e-003,5.039669e-001
7.012686104125797e-003,5.054323e-001
7.012818778089559e-003,5.063943e-001
7.012978484163041e-003,5.064218e-001
7.013124159229564e-003,5.055137e-001
7.013240166248334e-003,5.042933e-001
7.013355868619322e-003,5.029149e-001
7.013486384577535e-003,5.015212e-001
7.013619035896108e-003,5.005727e-001
7.013783562101643e-003,5.002329e-001
7.013966704388123e-003,5.007541e-001
7.014100945895277e-003,5.016006e-001
7.014229754387334e-003,5.025644e-001
7.014381878524013e-003,5.035279e-001
7.014533215062010e-003,5.040274e-001
7.014737354042330e-003,5.039237e-001
7.014917902605964e-003,5.032613e-001
7.015068215485803e-003,5.024690e-001
7.015230013735875e-003,5.016872e-001
7.015401975549114e-003,5.012175e-001
7.015619745840051e-003,5.012181e-001
7.015815005927997e-003,5.016517e-001
7.015984922479254e-003,5.021739e-001
7.016193905100590e-003,5.026606e-001
7.016387606846521e-003,5.027418e-001
7.016667039402831e-003,5.023267e-001
7.016871648329820e-003,5.018449e-001
7.017083437278087e-003,5.014301e-001
7.017313860926244e-003,5.013003e-001
7.017612402029234e-003,5.015197e-001
7.017845674797812e-003,5.017749e-001
7.018131844084646e-003,5.019067e-001
7.018398022755352e-003,5.017509e-001
7.018643812073563e-003,5.014538e-001
7.018913114499000e-003,5.011859e-001
7.019215211224677e-003,5.011084e-001
7.019553998670829e-003,5.012112e-001
7.019870649662656e-003,5.012775e-001
7.020229422571356e-003,5.011641e-001
7.020615036649269e-003,5.009237e-001
7.021015260064909e-003,5.007576e-001
7.021434060298242e-003,5.007344e-001
7.021826149779750e-003,5.007155e-001
7.022320608597778e-003,5.005636e-001
7.022834895041572e-003,5.003667e-001
7.023420090116136e-003,5.002341e-001
7.024100922695297e-003,5.001119e-001
7.024791193687991e-003,4.999166e-001
7.025530262137727e-003,4.997111e-001
7.026331047582246e-003,4.995376e-001
7.027217652090438e-003,4.993143e-001
7.028157674617911e-003,4.990653e-001
7.029417367097461e-003,4.987640e-001
7.030793930817138e-003,4.984173e-001
7.032218286760225e-003,4.980596e-001
7.033982627768207e-003,4.976270e-001
7.036837339169850e-003,4.969127e-001
7.040259808168130e-003,4.960633e-001
7.043994689265015e-003,4.951349e-001
7.048351924719292e-003,4.940541e-001
7.053112494282381e-003,4.928742e-001
7.058608267283275e-003,4.915136e-001
7.065006941410271e-003,4.899325e-001
7.072665881615503e-003,4.880424e-001
7.082237543267938e-003,4.856861e-001
7.211980846839363e-003,4.543107e-001
7.341724150410789e-003,4.239291e-001
7.471467453982215e-003,3.945414e-001
7.601210757553641e-003,3.661475e-001
7.730954061125067e-003,3.387475e-001
7.860697364696493e-003,3.123413e-001
7.990440668267918e-003,2.869289e-001
8.000000001000001e-003,2.850883e-001
8.000000002000001e-003,2.843387e-001
8.000001499954931e-003,2.850331e-001
8.000002997909860e-003,2.865272e-001
8.000004495864790e-003,2.888210e-001
8.000005993819719e-003,2.919145e-001
8.000007491774649e-003,2.958078e-001
8.000008989729577e-003,3.005007e-001
8.000010487684508e-003,3.059934e-001
8.000019687805711e-003,3.465177e-001
8.000029510342125e-003,4.025248e-001
8.000039257158143e-003,4.669431e-001
8.000049964769393e-003,5.417678e-001
8.000062070895927e-003,6.247527e-001
8.000080079510962e-003,7.379021e-001
8.000097167189940e-003,8.280476e-001
8.000118152463251e-003,9.118707e-001
8.000138260437122e-003,9.642661e-001
8.000162395647686e-003,9.939184e-001
8.000186842935748e-003,9.916217e-001
8.000223400700848e-003,9.429807e-001
8.000264179390114e-003,8.463598e-001
8.000305242194158e-003,7.127119e-001
8.000354278164923e-003,5.248840e-001
8.000362109913443e-003,4.919854e-001
8.000377773410484e-003,4.220340e-001
8.000409100404567e-003,2.762988e-001
8.000471754392733e-003,-2.766337e-002
8.000541050251412e-003,-3.731062e-001
8.000598450506350e-003,-6.598170e-001
8.000656929148564e-003,-9.403433e-001
8.000725542087819e-003,-1.231713e+000
8.000826431475067e-003,-1.570622e+000
8.000913375502662e-003,-1.766452e+000
8.000980846342234e-003,-1.835199e+000
8.001060546703059e-003,-1.826703e+000
8.001135019840042e-003,-1.742831e+000
8.001223311816076e-003,-1.561934e+000
8.001313685839140e-003,-1.314767e+000
8.001382526307116e-003,-1.096321e+000
8.001442044219004e-003,-8.966404e-001
8.001502816924508e-003,-6.954693e-001
8.001569751182243e-003,-4.921977e-001
8.001662977450299e-003,-2.542498e-001
8.001745370257685e-003,-9.824015e-002
8.001817450057239e-003,-1.730596e-002
8.001890479143599e-003,9.621098e-003
8.001960751751518e-003,-1.431665e-002
8.002036365386631e-003,-8.929078e-002
8.002117023413450e-003,-2.124602e-001
8.002189502186299e-003,-3.518513e-001
8.002263769896028e-003,-5.118039e-001
8.002330588960662e-003,-6.597018e-001
8.002397950414103e-003,-8.017842e-001
8.002482852040265e-003,-9.553508e-001
8.002593918025346e-003,-1.106143e+000
8.002677922151119e-003,-1.174448e+000
8.002747116841692e-003,-1.191890e+000
8.002817328091647e-003,-1.175386e+000
8.002889263192294e-003,-1.127753e+000
8.002968531707684e-003,-1.046822e+000
8.003043827879456e-003,-9.502524e-001
8.003112000407526e-003,-8.523588e-001
8.003180086445584e-003,-7.517965e-001
8.003248759265121e-003,-6.547540e-001
8.003324137725459e-003,-5.601505e-001
8.003399471731211e-003,-4.836898e-001
8.003473874840544e-003,-4.309340e-001
8.003551602261738e-003,-4.018165e-001
8.003623229795965e-003,-3.990797e-001
8.003695623435815e-003,-4.191891e-001
8.003769686953771e-003,-4.598114e-001
8.003844312911887e-003,-5.168025e-001
8.003920280366521e-003,-5.858220e-001
8.003989814209089e-003,-6.537629e-001
8.004060777459616e-003,-7.227005e-001
8.004133459818165e-003,-7.865638e-001
8.004238331698145e-003,-8.608886e-001
8.004332049695176e-003,-9.065989e-001
8.004401934408450e-003,-9.233956e-001
8.004471030949097e-003,-9.241300e-001
8.004540793128732e-003,-9.103228e-001
8.004627399721921e-003,-8.766299e-001
8.004724653353773e-003,-8.245265e-001
8.004796103223112e-003,-7.796958e-001
8.004864756765749e-003,-7.344263e-001
8.004934062344553e-003,-6.906914e-001
8.005022078313296e-003,-6.429029e-001
8.005132244217924e-003,-5.979148e-001
8.005215967347251e-003,-5.773937e-001
8.005285234471330e-003,-5.720588e-001
8.005355782493027e-003,-5.769561e-001
8.005426643273139e-003,-5.915142e-001
8.005530739099332e-003,-6.247601e-001
8.005613666020664e-003,-6.576855e-001
8.005683117871851e-003,-6.880407e-001
8.005753767699804e-003,-7.187021e-001
8.005828400154010e-003,-7.478255e-001
8.005934632728265e-003,-7.810134e-001
8.006026209923812e-003,-8.004327e-001
8.006095964023951e-003,-8.074652e-001
8.006165298557874e-003,-8.073584e-001
8.006235248621986e-003,-8.007117e-001
8.006323656440375e-003,-7.848312e-001
8.006418120009219e-003,-7.618026e-001
8.006489240674469e-003,-7.416579e-001
8.006558506443539e-003,-7.211797e-001
8.006628333305423e-003,-7.015518e-001
8.006718955488087e-003,-6.798596e-001
8.006830402125879e-003,-6.601081e-001
8.006912546349415e-003,-6.516675e-001
8.006981823006760e-003,-6.497774e-001
8.007052234125713e-003,-6.524606e-001
8.007126063336355e-003,-6.597441e-001
8.007231817922764e-003,-6.754268e-001
8.007312561140954e-003,-6.900567e-001
8.007382010072421e-003,-7.037194e-001
8.007452424623272e-003,-7.172865e-001
8.007532396195716e-003,-7.309029e-001
8.007640511250960e-003,-7.452873e-001
8.007728719844599e-003,-7.528980e-001
8.007798430082126e-003,-7.553071e-001
8.007877860229547e-003,-7.543364e-001
8.007950359770878e-003,-7.503259e-001
8.008050134792678e-003,-7.411352e-001
8.008133897216791e-003,-7.313250e-001
8.008203605240346e-003,-7.222099e-001
8.008274753194924e-003,-7.128353e-001
8.008345546216813e-003,-7.042919e-001
8.008448601130903e-003,-6.941311e-001
8.008548005783538e-003,-6.873019e-001
8.008623781712269e-003,-6.847590e-001
8.008703999460081e-003,-6.848498e-001
8.008791478456056e-003,-6.876616e-001
8.008882827872009e-003,-6.929860e-001
8.008965866410752e-003,-6.993550e-001
8.009035712982312e-003,-7.053925e-001
8.009112455052071e-003,-7.121510e-001
8.009183015726588e-003,-7.178939e-001
8.009284598914365e-003,-7.246198e-001
8.009399134769319e-003,-7.296304e-001
8.009502473481636e-003,-7.313248e-001
8.009601477265104e-003,-7.302558e-001
8.009701585259004e-003,-7.269282e-001
8.009798369166092e-003,-7.222072e-001
8.009869507077997e-003,-7.181284e-001
8.009938987580376e-003,-7.139776e-001
8.010014022410040e-003,-7.097312e-001
8.010103566781701e-003,-7.054610e-001
8.010218841039090e-003,-7.016528e-001
8.010337299700753e-003,-6.999705e-001
8.010450499126173e-003,-7.006282e-001
8.010566066601471e-003,-7.031963e-001
8.010652911285873e-003,-7.060648e-001
8.010725251250997e-003,-7.088549e-001
8.010806101582380e-003,-7.120336e-001
8.010891873650158e-003,-7.151306e-001
8.010988241436220e-003,-7.178781e-001
8.011112391153451e-003,-7.199581e-001
8.011247365498504e-003,-7.203113e-001
8.011376003258418e-003,-7.189447e-001
8.011471436214803e-003,-7.170122e-001
8.011555640437009e-003,-7.148657e-001
8.011647809708797e-003,-7.124066e-001
8.011745715034260e-003,-7.100016e-001
8.011849863003200e-003,-7.080011e-001
8.011970522905015e-003,-7.066825e-001
8.012108687761792e-003,-7.065148e-001
8.012241878601601e-003,-7.075347e-001
8.012344296373122e-003,-7.089700e-001
8.012443886119934e-003,-7.106669e-001
8.012558694240585e-003,-7.126013e-001
8.012668924101405e-003,-7.141227e-001
8.012799053955997e-003,-7.151877e-001
8.012951056414272e-003,-7.153669e-001
8.013101560924434e-003,-7.145558e-001
8.013218184317585e-003,-7.133881e-001
8.013331939394804e-003,-7.120368e-001
8.013463701257211e-003,-7.105801e-001
8.013592674726455e-003,-7.095646e-001
8.013752346860293e-003,-7.091035e-001
8.013943401733477e-003,-7.095189e-001
8.014084581948621e-003,-7.103575e-001
8.014213532756857e-003,-7.113192e-001
8.014367324074991e-003,-7.123259e-001
8.014514751799427e-003,-7.128663e-001
8.014713572356070e-003,-7.128407e-001
8.014898902451563e-003,-7.122109e-001
8.015049475851974e-003,-7.114276e-001
8.015207819177620e-003,-7.106388e-001
8.015379497089388e-003,-7.101156e-001
8.015587282469237e-003,-7.100447e-001
8.015786449469252e-003,-7.104427e-001
8.015954625816880e-003,-7.109631e-001
8.016140927618815e-003,-7.114488e-001
8.016339234835938e-003,-7.116150e-001
8.016611852446254e-003,-7.113067e-001
8.016821984038648e-003,-7.108260e-001
8.017027083697089e-003,-7.103817e-001
8.017257511774593e-003,-7.101785e-001
8.017552819685600e-003,-7.103290e-001
8.017782203847926e-003,-7.105927e-001
8.018028927126242e-003,-7.107794e-001
8.018294888372388e-003,-7.107077e-001
8.018562422445315e-003,-7.104183e-001
8.018817824315953e-003,-7.101331e-001
8.019128815197223e-003,-7.099900e-001
8.019491177958808e-003,-7.100657e-001
8.019788311174173e-003,-7.101458e-001
8.020169255221315e-003,-7.100666e-001
8.020585291292542e-003,-7.098197e-001
8.020968619723139e-003,-7.096440e-001
8.021392471192917e-003,-7.096082e-001
8.021782786548115e-003,-7.095973e-001
8.022287996635340e-003,-7.094589e-001
8.022870918726532e-003,-7.092395e-001
8.023454324375829e-003,-7.091056e-001
8.024130032426077e-003,-7.089866e-001
8.024861422592488e-003,-7.087821e-001
8.025618840263210e-003,-7.085745e-001
8.026425303027548e-003,-7.084015e-001
8.027316152874576e-003,-7.081774e-001
8.028257419417061e-003,-7.079298e-001
8.029474512464390e-003,-7.076419e-001
8.030824003717655e-003,-7.073037e-001
8.032217483962736e-003,-7.069559e-001
8.033911051548808e-003,-7.065439e-001
8.036670639627515e-003,-7.058571e-001
8.039961579329706e-003,-7.050453e-001
8.043492713890908e-003,-7.041723e-001
8.047629162513699e-003,-7.031515e-001
8.052115857702746e-003,-7.020447e-001
8.057321421358446e-003,-7.007611e-001
8.063433100349168e-003,-6.992567e-001
8.070851752933962e-003,-6.974312e-001
8.080358259738274e-003,-6.950964e-001
8.208706474023985e-003,-6.639011e-001
8.337054688309697e-003,-6.334009e-001
8.465402902595409e-003,-6.035960e-001
8.593751116881120e-003,-5.744862e-001
8.722099331166832e-003,-5.460717e-001
8.850447545452543e-003,-5.183523e-001
8.978795759738254e-003,-4.913281e-001
8.988561384738254e-003,-4.893006e-001
8.993580355523490e-003,-4.882623e-001
9.000000000000001e-003,-4.869286e-001
9.000000001000000e-003,-4.861791e-001
9.000002813381557e-003,-4.888899e-001
9.000005625763112e-003,-4.936540e-001
9.000008438144668e-003,-5.004712e-001
9.000011250526225e-003,-5.093417e-001
9.000014062907782e-003,-5.202653e-001
9.000016875289337e-003,-5.332421e-001
9.000019687670894e-003,-5.482721e-001
9.000029510673586e-003,-6.046226e-001
9.000042227157288e-003,-6.892498e-001
9.000055021577670e-003,-7.780145e-001
9.000070400161190e-003,-8.804910e-001
9.000086958119536e-003,-9.779166e-001
9.000106152571404e-003,-1.069109e+000
9.000126227821486e-003,-1.137582e+000
9.000148661403279e-003,-1.182766e+000
9.000172363139786e-003,-1.198709e+000
9.000200112102090e-003,-1.182829e+000
9.000233449100023e-003,-1.126744e+000
9.000273964500694e-003,-1.020192e+000
9.000315659635142e-003,-8.771977e-001
9.000368409649840e-003,-6.675782e-001
9.000377022412444e-003,-6.302972e-001
9.000394247937651e-003,-5.513534e-001
9.000428698988065e-003,-3.877257e-001
9.000497601088892e-003,-4.926586e-002
9.000559732233503e-003,2.610263e-001
9.000624648423864e-003,5.812722e-001
9.000684394435007e-003,8.563150e-001
9.000765642761161e-003,1.178178e+000
9.000848865428915e-003,1.430829e+000
9.000926435127912e-003,1.580966e+000
9.000995243818576e-003,1.635806e+000
9.001071341486554e-003,1.614146e+000
9.001149521140050e-003,1.514141e+000
9.001235212736811e-003,1.327230e+000
9.001339056618487e-003,1.032028e+000
9.001406260596673e-003,8.152462e-001
9.001464808761399e-003,6.187648e-001
9.001523792129889e-003,4.282333e-001
9.001603352479307e-003,1.968196e-001
9.001680420578778e-003,1.254432e-002
9.001757786902404e-003,-1.197381e-001
9.001834451017366e-003,-1.932512e-001
9.001908000021482e-003,-2.081915e-001
9.001980361345894e-003,-1.703836e-001
9.002063802048767e-003,-7.362965e-002
9.002142447928409e-003,5.776141e-002
9.002222053991711e-003,2.187772e-001
9.002289713588177e-003,3.668541e-001
9.002358476898538e-003,5.176572e-001
9.002424308781754e-003,6.502451e-001
9.002524248260577e-003,8.161332e-001
9.002624100328881e-003,9.342477e-001
9.002697202095728e-003,9.804327e-001
9.002766269294599e-003,9.876907e-001
9.002836002154194e-003,9.623615e-001
9.002916709370345e-003,8.997865e-001
9.002991338193631e-003,8.166835e-001
9.003074627743553e-003,7.043477e-001
9.003144320927442e-003,6.027774e-001
9.003215537704459e-003,4.992075e-001
9.003286033030076e-003,4.052361e-001
9.003373293032094e-003,3.074116e-001
9.003447437591775e-003,2.456715e-001
9.003523168343986e-003,2.077420e-001
9.003594005349185e-003,1.958479e-001
9.003665554631772e-003,2.067681e-001
9.003737720658579e-003,2.398813e-001
9.003842232843231e-003,3.144225e-001
9.003924171859032e-003,3.870223e-001
9.003992962867137e-003,4.540965e-001
9.004063064044814e-003,5.220560e-001
9.004136159212164e-003,5.860155e-001
9.004241366123413e-003,6.601250e-001
9.004334235986001e-003,7.049923e-001
9.004404014808941e-003,7.214653e-001
9.004473178230268e-003,7.219692e-001
9.004542989360853e-003,7.079378e-001
9.004630184404236e-003,6.743046e-001
9.004711242357973e-003,6.313239e-001
9.004790711781128e-003,5.817472e-001
9.004868909979097e-003,5.305127e-001
9.004940004035834e-003,4.859553e-001
9.005029430327056e-003,4.372016e-001
9.005116570572269e-003,4.008786e-001
9.005204200777465e-003,3.779274e-001
9.005274966247461e-003,3.708906e-001
9.005351178204642e-003,3.749239e-001
9.005421576238775e-003,3.885383e-001
9.005524337878299e-003,4.205902e-001
9.005608117176735e-003,4.534401e-001
9.005677641404680e-003,4.836829e-001
9.005748497829910e-003,5.145258e-001
9.005820104311809e-003,5.428182e-001
9.005925270426868e-003,5.764329e-001
9.006021283121805e-003,5.976256e-001
9.006091584386658e-003,6.053088e-001
9.006160584314842e-003,6.056901e-001
9.006230280328596e-003,5.995559e-001
9.006316364933539e-003,5.846123e-001
9.006413044797367e-003,5.614660e-001
9.006484490427041e-003,5.414128e-001
9.006553524448362e-003,5.210322e-001
9.006623214290355e-003,5.013312e-001
9.006711372925446e-003,4.798850e-001
9.006821695662137e-003,4.597041e-001
9.006905547692498e-003,4.505046e-001
9.006974938027119e-003,4.481238e-001
9.007045624783105e-003,4.503407e-001
9.007116535272242e-003,4.568840e-001
9.007220449872620e-003,4.717667e-001
9.007303378779384e-003,4.865173e-001
9.007373005467435e-003,5.001378e-001
9.007443798773543e-003,5.138741e-001
9.007518987394866e-003,5.269681e-001
9.007625500262410e-003,5.417854e-001
9.007716258389319e-003,5.503193e-001
9.007786090062503e-003,5.534045e-001
9.007855675609054e-003,5.532264e-001
9.007932968046757e-003,5.497450e-001
9.008020080342965e-003,5.425442e-001
9.008109068423571e-003,5.326679e-001
9.008179590745477e-003,5.236678e-001
9.008249331968280e-003,5.144288e-001
9.008319597852246e-003,5.056049e-001
9.008411342401629e-003,4.958403e-001
9.008523414652848e-003,4.870742e-001
9.008605018763166e-003,4.835092e-001
9.008683234352112e-003,4.829338e-001
9.008771725328914e-003,4.851305e-001
9.008859809689573e-003,4.897664e-001
9.008951627137695e-003,4.964885e-001
9.009022559328910e-003,5.025054e-001
9.009092191329679e-003,5.086603e-001
9.009162375362064e-003,5.145532e-001
9.009253288161488e-003,5.210397e-001
9.009364983705238e-003,5.268127e-001
9.009460807138655e-003,5.293005e-001
9.009565661148782e-003,5.291850e-001
9.009660375052467e-003,5.267851e-001
9.009770300010779e-003,5.219610e-001
9.009848144811048e-003,5.176924e-001
9.009917288533190e-003,5.135819e-001
9.009992237500798e-003,5.092331e-001
9.010071791482626e-003,5.051831e-001
9.010183055724874e-003,5.009800e-001
9.010306195917929e-003,4.985212e-001
9.010418194165249e-003,4.985522e-001
9.010534641511062e-003,5.006711e-001
9.010634224205385e-003,5.037140e-001
9.010707206327413e-003,5.064511e-001
9.010785502120901e-003,5.095397e-001
9.010871182586609e-003,5.127321e-001
9.010961014440523e-003,5.154991e-001
9.011079859018709e-003,5.179076e-001
9.011205366317100e-003,5.187457e-001
9.011339354314262e-003,5.177869e-001
9.011451375982596e-003,5.157822e-001
9.011537287392952e-003,5.136833e-001
9.011626633964162e-003,5.113037e-001
9.011724825918112e-003,5.088245e-001
9.011825977031675e-003,5.067370e-001
9.011941058343449e-003,5.052847e-001
9.012093815239141e-003,5.048729e-001
9.012237742221771e-003,5.058282e-001
9.012339989407562e-003,5.072194e-001
9.012437517915691e-003,5.088739e-001
9.012553520380426e-003,5.108408e-001
9.012662346831370e-003,5.123720e-001
9.012792587497261e-003,5.134958e-001
9.012940296079084e-003,5.137441e-001
9.013092942766214e-003,5.129882e-001
9.013209567099077e-003,5.118550e-001
9.013322345541797e-003,5.105229e-001
9.013454947686454e-003,5.090388e-001
9.013582269671637e-003,5.079964e-001
9.013740059474022e-003,5.074770e-001
9.013930705726156e-003,5.078223e-001
9.014074998205520e-003,5.086485e-001
9.014204191423698e-003,5.096087e-001
9.014359103634411e-003,5.106449e-001
9.014504375776647e-003,5.112152e-001
9.014699731320668e-003,5.112444e-001
9.014888935682053e-003,5.106415e-001
9.015039797339359e-003,5.098690e-001
9.015196019555367e-003,5.090808e-001
9.015367852170492e-003,5.085270e-001
9.015569983878244e-003,5.084172e-001
9.015772439479762e-003,5.087941e-001
9.015939553352729e-003,5.093086e-001
9.016121807928082e-003,5.098068e-001
9.016319688328780e-003,5.100173e-001
9.016578419452760e-003,5.097803e-001
9.016788442994443e-003,5.093156e-001
9.016989577340210e-003,5.088605e-001
9.017220983357166e-003,5.086032e-001
9.017492254556343e-003,5.086875e-001
9.017719824520969e-003,5.089493e-001
9.017955099522438e-003,5.091771e-001
9.018219362824684e-003,5.091681e-001
9.018589919055679e-003,5.088241e-001
9.018878661013531e-003,5.085376e-001
9.019203721111773e-003,5.084272e-001
9.019564869724878e-003,5.085299e-001
9.019872234902603e-003,5.086038e-001
9.020241957141476e-003,5.084999e-001
9.020652774481558e-003,5.082545e-001
9.021060098007088e-003,5.080965e-001
9.021481593939231e-003,5.080846e-001
9.021872219055165e-003,5.080715e-001
9.022363004059982e-003,5.079239e-001
9.022858073467142e-003,5.077405e-001
9.023438735627847e-003,5.076196e-001
9.024114125978155e-003,5.075118e-001
9.024789520699043e-003,5.073318e-001
9.025519732490285e-003,5.071391e-001
9.026311211326948e-003,5.069818e-001
9.027175316784746e-003,5.067801e-001
9.028098589655023e-003,5.065498e-001
9.029384530592764e-003,5.062637e-001
9.030736986513620e-003,5.059464e-001
9.032144917059708e-003,5.056156e-001
9.033948004120258e-003,5.052041e-001
9.036884189821702e-003,5.045193e-001
9.040356563966432e-003,5.037159e-001
9.043980584361362e-003,5.028762e-001
9.048336292929341e-003,5.018687e-001
9.052983198358424e-003,5.007948e-001
9.058423409450771e-003,4.995386e-001
9.064803114609527e-003,4.980685e-001
9.072515262633611e-003,4.962931e-001
9.082280887633611e-003,4.940504e-001
9.210629101919322e-003,4.650469e-001
9.338977316205034e-003,4.368974e-001
9.467325530490746e-003,4.096020e-001
9.595673744776457e-003,3.831607e-001
9.724021959062169e-003,3.575734e-001
9.852370173347880e-003,3.328401e-001
9.980718387633591e-003,3.089609e-001
9.990484012633591e-003,3.071769e-001
1.000000000000000e-002,3.054388e-001
