0.000000000000000e+000,0.000000e+000
9.999999717180685e-010,2.370114e-007
1.999999943436137e-009,4.763638e-007
2.936362834372647e-008,6.633560e-006
5.672725674401681e-008,1.174613e-005
8.409088514430714e-008,1.581407e-005
1.114545135445975e-007,1.883738e-005
1.388181419448878e-007,2.081607e-005
1.661817703451781e-007,2.175012e-005
1.935453987454684e-007,2.163955e-005
2.887426705677568e-007,1.913390e-005
3.838160131440847e-007,1.417266e-005
5.038315384322710e-007,6.687862e-006
6.263238843946427e-007,-4.934975e-007
7.774372033654717e-007,-6.849209e-006
9.485877165921023e-007,-9.592131e-006
1.111439459261073e-006,-7.811362e-006
1.229700315824859e-006,-4.103394e-006
1.345373791023682e-006,6.761502e-007
1.471040899322974e-006,5.772121e-006
1.750334267868145e-006,1.218285e-005
1.941794998637797e-006,1.136091e-005
2.089126537915794e-006,8.505305e-006
2.238838243843220e-006,4.445902e-006
2.403849447107025e-006,3.980683e-007
2.582765982698100e-006,-1.961852e-006
2.817486240933973e-006,-1.754839e-006
2.955761402309855e-006,-1.094838e-008
3.099774529910501e-006,2.672650e-006
3.270233297571702e-006,5.534244e-006
3.454412452483779e-006,7.213601e-006
3.678732303679085e-006,7.047129e-006
3.840262734072718e-006,5.611282e-006
4.016248668728548e-006,3.461133e-006
4.468121509021270e-006,8.729235e-007
4.728572247299798e-006,2.101908e-006
4.932348142110281e-006,3.675421e-006
5.161646473376215e-006,4.991385e-006
5.407673536228394e-006,5.146617e-006
5.655011796892166e-006,4.174501e-006
5.896658966952219e-006,2.962926e-006
6.192981282761407e-006,2.282231e-006
6.516044056674314e-006,2.775311e-006
6.763738325960508e-006,3.598300e-006
7.068790851335860e-006,4.200899e-006
7.398032339972042e-006,3.937746e-006
7.698490732012939e-006,3.286986e-006
8.071927314857781e-006,2.881652e-006
8.462391967335845e-006,3.210681e-006
9.290848916676336e-006,3.638087e-006
9.828796767711819e-006,3.255237e-006
1.040028338108349e-005,3.218803e-006
1.168351358189095e-005,3.419875e-006
1.320522682536334e-005,3.349364e-006
1.401405469366732e-005,3.385815e-006
1.607474210409904e-005,3.305657e-006
2.395463093319792e-003,-6.367536e-006
4.774851444535484e-003,-1.340419e-005
7.154239795751177e-003,-1.780430e-005
9.533628146966868e-003,-1.956787e-005
1.191301649818256e-002,-1.869490e-005
1.429240484939825e-002,-1.518539e-005
1.667179320061394e-002,-9.039338e-006
9.935921140122786e-002,-9.394915e-006
1.000000000000000e-001,-9.480897e-006
1.000000000010000e-001,7.400632e-004
1.000000004076931e-001,6.907399e-004
1.000000008143862e-001,5.713185e-004
1.000000012210793e-001,3.817988e-004
1.000000016277724e-001,1.221810e-004
1.000000020344654e-001,-2.075349e-004
1.000000024411585e-001,-6.073491e-004
1.000000028478516e-001,-1.077261e-003
1.000000050139256e-001,-4.462611e-003
1.000000082186134e-001,-1.216989e-002
1.000000125367579e-001,-2.690987e-002
1.000000183582859e-001,-5.314627e-002
1.000000258452967e-001,-9.475072e-002
1.000000355269119e-001,-1.567908e-001
1.000000477645340e-001,-2.410078e-001
1.000000625739322e-001,-3.426386e-001
1.000000784490579e-001,-4.429640e-001
1.000000965483589e-001,-5.397698e-001
1.000001158331534e-001,-6.186936e-001
1.000001373020599e-001,-6.768902e-001
1.000001600871833e-001,-7.073927e-001
1.000001854538469e-001,-7.060339e-001
1.000002264058748e-001,-6.519704e-001
1.000002660960516e-001,-5.568500e-001
1.000003092044164e-001,-4.146753e-001
1.000003568475835e-001,-2.317482e-001
1.000003593646871e-001,-2.212649e-001
1.000003744673083e-001,-1.546886e-001
1.000003946041365e-001,-6.252244e-002
1.000004348777930e-001,1.291702e-001
1.000004992545094e-001,4.460173e-001
1.000005601069752e-001,7.502762e-001
1.000006243523642e-001,1.067209e+000
1.000006844007173e-001,1.343719e+000
1.000007651890968e-001,1.664058e+000
1.000008481279426e-001,1.916336e+000
1.000009256901670e-001,2.067138e+000
1.000009944526946e-001,2.122548e+000
1.000010708093832e-001,2.101404e+000
1.000011488811597e-001,2.002001e+000
1.000012346947825e-001,1.817789e+000
1.000013182223199e-001,1.584366e+000
1.000013847667106e-001,1.371779e+000
1.000014441499757e-001,1.172666e+000
1.000015046498199e-001,9.731385e-001
1.000015730067258e-001,7.671720e-001
1.000016679184895e-001,5.265564e-001
1.000017420379107e-001,3.866403e-001
1.000018132172511e-001,3.055606e-001
1.000018849546221e-001,2.763075e-001
1.000019565718015e-001,2.978005e-001
1.000020318330600e-001,3.725968e-001
1.000021393643624e-001,5.417112e-001
1.000022215991065e-001,7.039343e-001
1.000022875877396e-001,8.482440e-001
1.000023555234449e-001,9.975682e-001
1.000024208789013e-001,1.129993e+000
1.000025199039589e-001,1.296044e+000
1.000026217941455e-001,1.418395e+000
1.000026960336590e-001,1.466483e+000
1.000027650767504e-001,1.474479e+000
1.000028348030871e-001,1.449612e+000
1.000029164295259e-001,1.386490e+000
1.000029933524462e-001,1.300993e+000
1.000030701551998e-001,1.197450e+000
1.000031458907622e-001,1.086944e+000
1.000032154732959e-001,9.858313e-001
1.000032883233172e-001,8.883970e-001
1.000033677377916e-001,7.987178e-001
1.000034435847314e-001,7.352095e-001
1.000035270708568e-001,6.932623e-001
1.000035984904082e-001,6.820057e-001
1.000036711717352e-001,6.945239e-001
1.000037432890987e-001,7.290199e-001
1.000038502876954e-001,8.070793e-001
1.000039316122151e-001,8.799501e-001
1.000040002990684e-001,9.471447e-001
1.000040701313656e-001,1.014467e+000
1.000041466579746e-001,1.080309e+000
1.000042531783899e-001,1.153045e+000
1.000043425743843e-001,1.193871e+000
1.000044120168893e-001,1.208387e+000
1.000044816061011e-001,1.207207e+000
1.000045517060256e-001,1.191442e+000
1.000046427354229e-001,1.153995e+000
1.000047357541540e-001,1.102750e+000
1.000048064783553e-001,1.057822e+000
1.000048755154049e-001,1.012347e+000
1.000049450260478e-001,9.690685e-001
1.000050374861446e-001,9.204488e-001
1.000051497970683e-001,8.772526e-001
1.000052306961431e-001,8.597090e-001
1.000052997827994e-001,8.563238e-001
1.000053698788737e-001,8.630542e-001
1.000054463899704e-001,8.806469e-001
1.000055531136066e-001,9.167258e-001
1.000056318218608e-001,9.488706e-001
1.000057009226309e-001,9.792392e-001
1.000057708783580e-001,1.009104e+000
1.000058536079130e-001,1.040017e+000
1.000059625063303e-001,1.071387e+000
1.000060491293215e-001,1.087150e+000
1.000061186003033e-001,1.091864e+000
1.000061941269141e-001,1.089332e+000
1.000062644122674e-001,1.080377e+000
1.000063662698187e-001,1.059255e+000
1.000064504121358e-001,1.037205e+000
1.000065200322473e-001,1.016889e+000
1.000065910314853e-001,9.960818e-001
1.000066616717966e-001,9.772059e-001
1.000067662166770e-001,9.544974e-001
1.000068644019075e-001,9.396536e-001
1.000069350538163e-001,9.342644e-001
1.000070039724213e-001,9.338419e-001
1.000070736300999e-001,9.377860e-001
1.000071582775415e-001,9.474575e-001
1.000072557985734e-001,9.629490e-001
1.000073275376818e-001,9.763655e-001
1.000073965804625e-001,9.899944e-001
1.000074663191273e-001,1.003213e+000
1.000075534777910e-001,1.017478e+000
1.000076633924918e-001,1.031073e+000
1.000077476196935e-001,1.037383e+000
1.000078171187153e-001,1.039008e+000
1.000078947590349e-001,1.037287e+000
1.000079692333504e-001,1.032504e+000
1.000080748899445e-001,1.022048e+000
1.000081561346388e-001,1.012180e+000
1.000082256659020e-001,1.002985e+000
1.000082962018533e-001,9.938216e-001
1.000083750343677e-001,9.847344e-001
1.000084827810739e-001,9.749670e-001
1.000085717196277e-001,9.697177e-001
1.000086466420617e-001,9.679511e-001
1.000087293309115e-001,9.687645e-001
1.000088169384351e-001,9.722625e-001
1.000089125223627e-001,9.784026e-001
1.000089895158614e-001,9.845765e-001
1.000090588569088e-001,9.906549e-001
1.000091293927736e-001,9.968005e-001
1.000092034374662e-001,1.002624e+000
1.000093088786326e-001,1.009290e+000
1.000094017235709e-001,1.013161e+000
1.000094930856216e-001,1.014604e+000
1.000095947988827e-001,1.013641e+000
1.000096930103864e-001,1.010536e+000
1.000097909131329e-001,1.005854e+000
1.000098621093981e-001,1.001802e+000
1.000099313267411e-001,9.976550e-001
1.000100062377555e-001,9.933573e-001
1.000100923480616e-001,9.891249e-001
1.000102059109443e-001,9.851436e-001
1.000103262295043e-001,9.831473e-001
1.000104387959577e-001,9.835442e-001
1.000105547425379e-001,9.859238e-001
1.000106464886607e-001,9.888523e-001
1.000107190291408e-001,9.916080e-001
1.000107988374668e-001,9.947354e-001
1.000108845491403e-001,9.978546e-001
1.000109774139832e-001,1.000571e+000
1.000110998523331e-001,1.002755e+000
1.000112363516952e-001,1.003281e+000
1.000113641534919e-001,1.002051e+000
1.000114633192492e-001,1.000100e+000
1.000115476146308e-001,9.979671e-001
1.000116386941001e-001,9.955192e-001
1.000117366859382e-001,9.930604e-001
1.000118395523704e-001,9.909951e-001
1.000119575913504e-001,9.895797e-001
1.000120983567568e-001,9.892929e-001
1.000122495145197e-001,9.903819e-001
1.000123578573817e-001,9.918808e-001
1.000124580222740e-001,9.935751e-001
1.000125728009730e-001,9.954652e-001
1.000126834898937e-001,9.969180e-001
1.000128158182671e-001,9.978746e-001
1.000129739342892e-001,9.979004e-001
1.000131202386239e-001,9.969823e-001
1.000132362903688e-001,9.957493e-001
1.000133516063663e-001,9.943532e-001
1.000134822971080e-001,9.929218e-001
1.000136141982361e-001,9.919337e-001
1.000137776106482e-001,9.915392e-001
1.000139635540137e-001,9.920099e-001
1.000140981992224e-001,9.928247e-001
1.000142264761426e-001,9.937611e-001
1.000143789831003e-001,9.947064e-001
1.000145294081352e-001,9.951874e-001
1.000147323563055e-001,9.950636e-001
1.000149139724113e-001,9.943738e-001
1.000150643225214e-001,9.935545e-001
1.000152252654119e-001,9.927400e-001
1.000153970949761e-001,9.922249e-001
1.000156123419821e-001,9.921669e-001
1.000158083872701e-001,9.925553e-001
1.000159778599903e-001,9.930437e-001
1.000161878955855e-001,9.935038e-001
1.000163796764857e-001,9.935519e-001
1.000166923896465e-001,9.930264e-001
1.000169096784052e-001,9.924864e-001
1.000171268043851e-001,9.920554e-001
1.000173596674600e-001,9.919223e-001
1.000176093719895e-001,9.920874e-001
1.000178276047250e-001,9.923023e-001
1.000181067424961e-001,9.923986e-001
1.000183736958368e-001,9.922120e-001
1.000186243521256e-001,9.918671e-001
1.000188894459839e-001,9.915432e-001
1.000191924994966e-001,9.913942e-001
1.000195654590115e-001,9.914263e-001
1.000198931756605e-001,9.914254e-001
1.000202572388192e-001,9.912342e-001
1.000206403607623e-001,9.909223e-001
1.000210455988708e-001,9.906848e-001
1.000214660281120e-001,9.905870e-001
1.000218593393941e-001,9.904905e-001
1.000223501547091e-001,9.902402e-001
1.000228403714607e-001,9.899590e-001
1.000234244865993e-001,9.897180e-001
1.000241106009336e-001,9.894655e-001
1.000247808762234e-001,9.891484e-001
1.000255074127789e-001,9.888081e-001
1.000263022068455e-001,9.884863e-001
1.000271794167169e-001,9.881006e-001
1.000281116723928e-001,9.876773e-001
1.000293877076134e-001,9.871313e-001
1.000307595863295e-001,9.865274e-001
1.000321829272930e-001,9.859013e-001
1.000339743731691e-001,9.851246e-001
1.000369424231251e-001,9.838234e-001
1.000403968675349e-001,9.823159e-001
1.000441877712965e-001,9.806608e-001
1.000486135028716e-001,9.787313e-001
1.000534248668806e-001,9.766356e-001
1.000590048516914e-001,9.742076e-001
1.000654813971135e-001,9.713942e-001
1.000732404630546e-001,9.680280e-001
1.000829292863988e-001,9.638345e-001
1.000959802531630e-001,9.582003e-001
1.001162182329457e-001,9.495031e-001
1.001515750656896e-001,9.344257e-001
1.002222887311774e-001,9.047267e-001
1.003637160621530e-001,8.471238e-001
1.006465707241043e-001,7.390152e-001
1.012122800480068e-001,5.482070e-001
1.021888425480068e-001,2.778888e-001
1.031654050480068e-001,7.453613e-002
1.041419675480068e-001,-6.379755e-002
1.051185300480068e-001,-1.492697e-001
1.060950925480068e-001,-1.937995e-001
1.070716550480068e-001,-2.082522e-001
1.080482175480068e-001,-2.019863e-001
1.090247800480068e-001,-1.826710e-001
1.100013425480068e-001,-1.562955e-001
1.109779050480068e-001,-1.273005e-001
1.119544675480068e-001,-9.878173e-002
1.129310300480068e-001,-7.272363e-002
1.139075925480068e-001,-5.023582e-002
1.148841550480068e-001,-3.172929e-002
1.158169910550859e-001,-1.785272e-002
1.167935535550859e-001,-7.008708e-003
1.177701160550859e-001,6.247836e-004
1.187466785550859e-001,5.558824e-003
1.197232410550859e-001,8.359171e-003
1.206998035550859e-001,9.555904e-003
1.216763660550859e-001,9.615853e-003
1.226529285550859e-001,8.929386e-003
1.236294910550859e-001,7.807532e-003
1.246060535550859e-001,6.486103e-003
1.255826160550859e-001,5.134039e-003
1.265591785550859e-001,3.863907e-003
1.275357410550859e-001,2.742994e-003
1.285123035550859e-001,1.803965e-003
1.294888660550859e-001,1.052756e-003
1.304276182429320e-001,5.024386e-004
1.314041807429320e-001,8.949923e-005
1.323807432429320e-001,-1.885435e-004
1.333573057429320e-001,-3.564977e-004
1.343338682429320e-001,-4.399435e-004
1.353104307429320e-001,-4.619461e-004
1.362869932429320e-001,-4.421904e-004
1.392166807429320e-001,-2.745742e-004
1.421463682429320e-001,-1.106860e-004
1.450760557429320e-001,-2.032597e-005
1.467501628857891e-001,-6.618629e-006
1.484242700286462e-001,3.208697e-006
1.500983771715034e-001,9.156009e-006
1.517724843143605e-001,1.122331e-005
1.534465914572177e-001,9.410591e-006
1.551206986000748e-001,3.717861e-006
1.567948057429320e-001,-5.854883e-006
1.994963260171362e-001,-9.396653e-006
2.000000000010000e-001,-7.688766e-006
2.000000000020000e-001,-7.572329e-004
2.000000003764821e-001,-7.159087e-004
2.000000007509643e-001,-6.141697e-004
2.000000011254464e-001,-4.520162e-004
2.000000014999284e-001,-2.294480e-004
2.000000018744106e-001,5.353475e-005
2.000000022488927e-001,3.969322e-004
2.000000026233748e-001,8.007442e-004
2.000000046884917e-001,3.840951e-003
2.000000077349076e-001,1.081200e-002
2.000000119012316e-001,2.447656e-002
2.000000174993183e-001,4.893409e-002
2.000000247554332e-001,8.836579e-002
2.000000341112068e-001,1.475095e-001
2.000000459837353e-001,2.288714e-001
2.000000606987989e-001,3.304187e-001
2.000000762347538e-001,4.301293e-001
2.000000942088177e-001,5.288675e-001
2.000001131568548e-001,6.096249e-001
2.000001344965359e-001,6.712174e-001
2.000001569387322e-001,7.050232e-001
2.000001820669071e-001,7.083328e-001
2.000002180484536e-001,6.676629e-001
2.000002571847480e-001,5.809512e-001
2.000002983381412e-001,4.586126e-001
2.000003041951961e-001,4.383993e-001
2.000003159093057e-001,3.941668e-001
2.000003393375251e-001,2.996094e-001
2.000003861939637e-001,9.356485e-002
2.000004582973583e-001,-2.479184e-001
2.000005253582268e-001,-5.802984e-001
2.000005840758743e-001,-8.745502e-001
2.000006438794248e-001,-1.165138e+000
2.000007100596357e-001,-1.456374e+000
2.000008004804728e-001,-1.785132e+000
2.000008797279514e-001,-1.993225e+000
2.000009512961496e-001,-2.099374e+000
2.000010234449725e-001,-2.127238e+000
2.000010955643016e-001,-2.078912e+000
2.000011841917921e-001,-1.934627e+000
2.000012655617932e-001,-1.737185e+000
2.000013515769640e-001,-1.479313e+000
2.000014156318120e-001,-1.268630e+000
2.000014747505768e-001,-1.070283e+000
2.000015341966198e-001,-8.806211e-001
2.000016177661510e-001,-6.446867e-001
2.000016986836899e-001,-4.606668e-001
2.000017701590873e-001,-3.478410e-001
2.000018427088962e-001,-2.879316e-001
2.000019195467700e-001,-2.812374e-001
2.000019923464319e-001,-3.277854e-001
2.000020831751936e-001,-4.450176e-001
2.000021733478349e-001,-6.056208e-001
2.000022449176714e-001,-7.555515e-001
2.000023103163247e-001,-9.003694e-001
2.000023763920272e-001,-1.043055e+000
2.000024532043428e-001,-1.190757e+000
2.000025568909332e-001,-1.349226e+000
2.000026445791273e-001,-1.439349e+000
2.000027136139130e-001,-1.472573e+000
2.000027837693176e-001,-1.471135e+000
2.000028543708985e-001,-1.436813e+000
2.000029462022360e-001,-1.354246e+000
2.000030302231213e-001,-1.252165e+000
2.000031081241388e-001,-1.142087e+000
2.000031798705685e-001,-1.036487e+000
2.000032490967465e-001,-9.387332e-001
2.000033248689883e-001,-8.438359e-001
2.000034009255459e-001,-7.681488e-001
2.000034893926516e-001,-7.080346e-001
2.000035601906854e-001,-6.841347e-001
2.000036299741835e-001,-6.842394e-001
2.000037003918293e-001,-7.063968e-001
2.000037894091797e-001,-7.592192e-001
2.000038769139208e-001,-8.297096e-001
2.000039475590638e-001,-8.960680e-001
2.000040164623139e-001,-9.639260e-001
2.000040857084274e-001,-1.029485e+000
2.000041716130393e-001,-1.099962e+000
2.000042807849768e-001,-1.168060e+000
2.000043655791804e-001,-1.200557e+000
2.000044348676255e-001,-1.209679e+000
2.000045068682877e-001,-1.203227e+000
2.000045775816989e-001,-1.182360e+000
2.000046804280947e-001,-1.134282e+000
2.000047592574604e-001,-1.088046e+000
2.000048282201105e-001,-1.043108e+000
2.000048982487004e-001,-9.972956e-001
2.000049688158288e-001,-9.550374e-001
2.000050716130398e-001,-9.047332e-001
2.000051706885879e-001,-8.707114e-001
2.000052419768529e-001,-8.580890e-001
2.000053107714242e-001,-8.567157e-001
2.000053803445903e-001,-8.650880e-001
2.000054637718076e-001,-8.858083e-001
2.000055563536451e-001,-9.180791e-001
2.000056276514297e-001,-9.475797e-001
2.000056967771920e-001,-9.780183e-001
2.000057664876189e-001,-1.007863e+000
2.000058489153339e-001,-1.038901e+000
2.000059567014072e-001,-1.070412e+000
2.000060436684098e-001,-1.086699e+000
2.000061131387464e-001,-1.091762e+000
2.000061908903431e-001,-1.089468e+000
2.000062610161711e-001,-1.080746e+000
2.000063623710819e-001,-1.059983e+000
2.000064413771515e-001,-1.039445e+000
2.000065105377802e-001,-1.019309e+000
2.000065809649748e-001,-9.985899e-001
2.000066518948726e-001,-9.793373e-001
2.000067523972159e-001,-9.568622e-001
2.000068540648603e-001,-9.407369e-001
2.000069274467036e-001,-9.345815e-001
2.000069963872023e-001,-9.337318e-001
2.000070661761332e-001,-9.372995e-001
2.000071477905787e-001,-9.462059e-001
2.000072429675647e-001,-9.609373e-001
2.000073146001238e-001,-9.741576e-001
2.000073836642342e-001,-9.877726e-001
2.000074534377516e-001,-1.001168e+000
2.000075354209744e-001,-1.015037e+000
2.000076431041715e-001,-1.029214e+000
2.000077303674081e-001,-1.036603e+000
2.000078000144426e-001,-1.038919e+000
2.000078783843703e-001,-1.037881e+000
2.000079515652617e-001,-1.033773e+000
2.000080512909082e-001,-1.024580e+000
2.000081266543974e-001,-1.015772e+000
2.000081955590221e-001,-1.006761e+000
2.000082655811347e-001,-9.974951e-001
2.000083369363205e-001,-9.887441e-001
2.000084357465170e-001,-9.787071e-001
2.000085386304850e-001,-9.712583e-001
2.000086150148088e-001,-9.683805e-001
2.000086945145604e-001,-9.681733e-001
2.000087820772198e-001,-9.706916e-001
2.000088723872958e-001,-9.757186e-001
2.000089593164273e-001,-9.822401e-001
2.000090296294269e-001,-9.882603e-001
2.000090997633566e-001,-9.944437e-001
2.000091702806763e-001,-1.000289e+000
2.000092634870469e-001,-1.006745e+000
2.000093778267492e-001,-1.012225e+000
2.000094851316041e-001,-1.014510e+000
2.000095829757042e-001,-1.013888e+000
2.000096836654716e-001,-1.010928e+000
2.000097671559381e-001,-1.007109e+000
2.000098366583375e-001,-1.003235e+000
2.000099076171928e-001,-9.989992e-001
2.000099817051941e-001,-9.946459e-001
2.000100584430642e-001,-9.906232e-001
2.000101662249258e-001,-9.862483e-001
2.000102771361617e-001,-9.836381e-001
2.000103969250325e-001,-9.831849e-001
2.000105067383800e-001,-9.847747e-001
2.000106109943713e-001,-9.877075e-001
2.000106857533874e-001,-9.904045e-001
2.000107568048534e-001,-9.931988e-001
2.000108285297821e-001,-9.959806e-001
2.000109006083098e-001,-9.985144e-001
2.000109869574493e-001,-1.000923e+000
2.000111021516078e-001,-1.002844e+000
2.000112408556599e-001,-1.003261e+000
2.000113665412202e-001,-1.002032e+000
2.000114450961962e-001,-1.000513e+000
2.000115144741217e-001,-9.987906e-001
2.000115845890590e-001,-9.969060e-001
2.000116839423532e-001,-9.942801e-001
2.000117799729921e-001,-9.920731e-001
2.000118943361778e-001,-9.902033e-001
2.000120238507168e-001,-9.893122e-001
2.000121840396100e-001,-9.897981e-001
2.000123031636815e-001,-9.911153e-001
2.000124035575283e-001,-9.927179e-001
2.000124952422778e-001,-9.943084e-001
2.000125764479685e-001,-9.956493e-001
2.000126494015807e-001,-9.966841e-001
2.000127259806796e-001,-9.975172e-001
2.000128021717614e-001,-9.980224e-001
2.000129012947820e-001,-9.982129e-001
2.000129888330809e-001,-9.979699e-001
2.000130776965271e-001,-9.973436e-001
2.000131716452637e-001,-9.963862e-001
2.000132812906329e-001,-9.950809e-001
2.000134026686121e-001,-9.936582e-001
2.000135358417109e-001,-9.924062e-001
2.000136798735449e-001,-9.916949e-001
2.000138700738244e-001,-9.917462e-001
2.000140294811603e-001,-9.924768e-001
2.000141574583217e-001,-9.933739e-001
2.000142806540813e-001,-9.942412e-001
2.000144196873646e-001,-9.949763e-001
2.000145585964269e-001,-9.952646e-001
2.000147608667204e-001,-9.949667e-001
2.000149191233364e-001,-9.942976e-001
2.000150767714169e-001,-9.934349e-001
2.000152462628178e-001,-9.926358e-001
2.000154218042142e-001,-9.922122e-001
2.000156541515297e-001,-9.922846e-001
2.000158434459053e-001,-9.927192e-001
2.000160103958670e-001,-9.931949e-001
2.000162094448215e-001,-9.935656e-001
2.000164049209884e-001,-9.935733e-001
2.000166099244518e-001,-9.932201e-001
2.000167990785320e-001,-9.927263e-001
2.000170111855840e-001,-9.922327e-001
2.000172383419946e-001,-9.919964e-001
2.000175490691701e-001,-9.920989e-001
2.000177849840411e-001,-9.923134e-001
2.000180378992436e-001,-9.924318e-001
2.000183075675463e-001,-9.922822e-001
2.000185702099954e-001,-9.919409e-001
2.000188326352761e-001,-9.916109e-001
2.000191407913476e-001,-9.914355e-001
2.000195351516251e-001,-9.914514e-001
2.000198625797804e-001,-9.914508e-001
2.000202367834726e-001,-9.912621e-001
2.000206469608049e-001,-9.909407e-001
2.000211042127405e-001,-9.906876e-001
2.000215213700152e-001,-9.905941e-001
2.000219193748783e-001,-9.904869e-001
2.000224120380719e-001,-9.902225e-001
2.000228769176188e-001,-9.899582e-001
2.000234567122337e-001,-9.897280e-001
2.000240756621357e-001,-9.895013e-001
2.000247436162295e-001,-9.891834e-001
2.000254502137225e-001,-9.888520e-001
2.000262311442364e-001,-9.885361e-001
2.000270975852496e-001,-9.881563e-001
2.000280226522462e-001,-9.877359e-001
2.000293335281800e-001,-9.871739e-001
2.000307224520167e-001,-9.865630e-001
2.000321645111326e-001,-9.859285e-001
2.000340264781274e-001,-9.851208e-001
2.000370742873154e-001,-9.837850e-001
2.000406572915711e-001,-9.822214e-001
2.000445659745823e-001,-9.805151e-001
2.000491706307521e-001,-9.785077e-001
2.000541700656166e-001,-9.763304e-001
2.000599720575746e-001,-9.738063e-001
2.000666940282560e-001,-9.708869e-001
2.000746955349625e-001,-9.674166e-001
2.000846021624186e-001,-9.631303e-001
2.000978698555778e-001,-9.574048e-001
2.001180039554578e-001,-9.487551e-001
2.001522364844299e-001,-9.341587e-001
2.002199382916594e-001,-9.057112e-001
2.003553419061183e-001,-8.504633e-001
2.006261491350362e-001,-7.464804e-001
2.011677635928719e-001,-5.623632e-001
2.021443260928719e-001,-2.889000e-001
2.031208885928719e-001,-8.230131e-002
2.040974510928719e-001,5.873473e-002
2.050740135928719e-001,1.463507e-001
2.060505760928719e-001,1.924983e-001
2.070271385928719e-001,2.081036e-001
2.080037010928719e-001,2.025995e-001
2.089802635928719e-001,1.837339e-001
2.099568260928719e-001,1.575703e-001
2.109333885928719e-001,1.286160e-001
2.119099510928719e-001,1.000233e-001
2.128865135928719e-001,7.382192e-002
2.138630760928719e-001,5.115637e-002
2.148396385928719e-001,3.247412e-002
2.157835845702978e-001,1.827982e-002
2.167601470702978e-001,7.303881e-003
2.177367095702978e-001,-4.321462e-004
2.187132720702978e-001,-5.449042e-003
2.196898345702978e-001,-8.313157e-003
2.206663970702978e-001,-9.556390e-003
2.216429595702978e-001,-9.648068e-003
2.226195220702978e-001,-8.981295e-003
2.235960845702978e-001,-7.869797e-003
2.245726470702978e-001,-6.551850e-003
2.255492095702978e-001,-5.198518e-003
2.265257720702978e-001,-3.924115e-003
2.275023345702978e-001,-2.797292e-003
2.284788970702978e-001,-1.851730e-003
2.294554595702978e-001,-1.094338e-003
2.304003349574485e-001,-5.351926e-004
2.313768974574485e-001,-1.177864e-004
2.323534599574485e-001,1.637142e-004
2.333300224574485e-001,3.343803e-004
2.343065849574485e-001,4.198468e-004
2.352831474574485e-001,4.432668e-004
2.362597099574485e-001,4.244277e-004
2.391893974574485e-001,2.575676e-004
2.421190849574485e-001,9.310074e-005
2.450487724574485e-001,2.047048e-006
2.467228796003056e-001,-1.188635e-005
2.483969867431628e-001,-2.189104e-005
2.500710938860199e-001,-2.796701e-005
2.517452010288770e-001,-3.011427e-005
2.534193081717342e-001,-2.833281e-005
2.550934153145913e-001,-2.262265e-005
2.567675224574485e-001,-1.298377e-005
2.994725449148969e-001,-3.711910e-006
3.000000000000000e-001,1.481761e-005
3.000011604112409e-001,6.063805e-001
3.000034812337226e-001,1.321855e+000
3.000034854839875e-001,1.321907e+000
3.000034939845175e-001,1.319883e+000
3.000035109855775e-001,1.314753e+000
3.000035253930060e-001,1.308871e+000
3.000035442218055e-001,1.298507e+000
3.000035653534670e-001,1.283283e+000
3.000035983083527e-001,1.253082e+000
3.000036436466281e-001,1.202657e+000
3.000037127155128e-001,1.115577e+000
3.000037759331629e-001,1.032232e+000
3.000038464124561e-001,9.426373e-001
3.000039276313459e-001,8.517157e-001
3.000040088242655e-001,7.818990e-001
3.000041105555746e-001,7.265584e-001
3.000041839796665e-001,7.115420e-001
3.000042606776331e-001,7.207373e-001
3.000043306548584e-001,7.491568e-001
3.000044359819519e-001,8.169463e-001
3.000045190494955e-001,8.835599e-001
3.000045880766906e-001,9.446509e-001
3.000046584238736e-001,1.006630e+000
3.000047312940441e-001,1.064610e+000
3.000048366604752e-001,1.132114e+000
3.000049299595309e-001,1.173112e+000
3.000049998093860e-001,1.188097e+000
3.000050689475391e-001,1.188530e+000
3.000051387364942e-001,1.175753e+000
3.000052259108453e-001,1.144716e+000
3.000053223841825e-001,1.097601e+000
3.000053937039529e-001,1.056893e+000
3.000054624839972e-001,1.015709e+000
3.000055318904181e-001,9.760005e-001
3.000056205871775e-001,9.324470e-001
3.000057311022339e-001,8.917872e-001
3.000058145138639e-001,8.735196e-001
3.000058837761008e-001,8.689264e-001
3.000059542836031e-001,8.735983e-001
3.000060251990481e-001,8.870287e-001
3.000061299501550e-001,9.176286e-001
3.000062126652555e-001,9.475464e-001
3.000062821391465e-001,9.751279e-001
3.000063527592808e-001,1.002879e+000
3.000064286120297e-001,1.029569e+000
3.000065352977200e-001,1.059474e+000
3.000066253175212e-001,1.076452e+000
3.000066949177482e-001,1.082554e+000
3.000067644187794e-001,1.082222e+000
3.000068344846295e-001,1.075943e+000
3.000069243068149e-001,1.061038e+000
3.000070174842209e-001,1.040227e+000
3.000070884050845e-001,1.021906e+000
3.000071578227324e-001,1.003264e+000
3.000072277460975e-001,9.854773e-001
3.000073197499575e-001,9.656599e-001
3.000074318561084e-001,9.479335e-001
3.000075132276644e-001,9.406173e-001
3.000075824732882e-001,9.391360e-001
3.000076527763183e-001,9.417948e-001
3.000077283282801e-001,9.487821e-001
3.000078346778706e-001,9.633287e-001
3.000079140502585e-001,9.764811e-001
3.000079834106620e-001,9.888750e-001
3.000080536404441e-001,1.001084e+000
3.000081359842903e-001,1.013628e+000
3.000082448813122e-001,1.026435e+000
3.000083316721339e-001,1.032896e+000
3.000084013439751e-001,1.034783e+000
3.000084832014128e-001,1.033507e+000
3.000085584414658e-001,1.029378e+000
3.000086616599892e-001,1.020325e+000
3.000087434930466e-001,1.011396e+000
3.000088130791303e-001,1.003058e+000
3.000088838194776e-001,9.946507e-001
3.000089589539521e-001,9.866269e-001
3.000090653351764e-001,9.775381e-001
3.000091568357276e-001,9.723078e-001
3.000092349334376e-001,9.703881e-001
3.000093201598969e-001,9.709702e-001
3.000094105732488e-001,9.741485e-001
3.000095072962166e-001,9.797454e-001
3.000095843122290e-001,9.853436e-001
3.000096536084232e-001,9.908584e-001
3.000097240961722e-001,9.964371e-001
3.000097979179899e-001,1.001715e+000
3.000099032513550e-001,1.007747e+000
3.000100006979876e-001,1.011372e+000
3.000100964274472e-001,1.012615e+000
3.000102012262881e-001,1.011498e+000
3.000103033459666e-001,1.008365e+000
3.000103952849406e-001,1.004243e+000
3.000104656710103e-001,1.000552e+000
3.000105372625331e-001,9.966593e-001
3.000106149961307e-001,9.926687e-001
3.000107051912797e-001,9.887972e-001
3.000108221815274e-001,9.853884e-001
3.000109447798794e-001,9.839666e-001
3.000110612980204e-001,9.847674e-001
3.000111818230971e-001,9.873706e-001
3.000112643221829e-001,9.899194e-001
3.000113406627894e-001,9.926066e-001
3.000114314540632e-001,9.957790e-001
3.000115180746492e-001,9.984434e-001
3.000116255102316e-001,1.000855e+000
3.000117547024397e-001,1.002238e+000
3.000118924405528e-001,1.001882e+000
3.000120268824531e-001,1.000011e+000
3.000121196181577e-001,9.980390e-001
3.000122099302592e-001,9.958438e-001
3.000123121073388e-001,9.934432e-001
3.000124139340555e-001,9.914564e-001
3.000125317477657e-001,9.899902e-001
3.000126760197052e-001,9.895110e-001
3.000128325128041e-001,9.903653e-001
3.000129441607367e-001,9.917045e-001
3.000130463464883e-001,9.932582e-001
3.000131661986336e-001,9.950575e-001
3.000132788558430e-001,9.964096e-001
3.000134154722222e-001,9.973061e-001
3.000135757744072e-001,9.973114e-001
3.000137241002341e-001,9.964365e-001
3.000138429670947e-001,9.952694e-001
3.000139623360603e-001,9.939533e-001
3.000140971939899e-001,9.926411e-001
3.000142351265591e-001,9.917775e-001
3.000144087993037e-001,9.915160e-001
3.000145872938624e-001,9.920371e-001
3.000147242366632e-001,9.928371e-001
3.000148600085740e-001,9.937223e-001
3.000150155247253e-001,9.945097e-001
3.000151787186753e-001,9.948207e-001
3.000154078949325e-001,9.944466e-001
3.000155852089774e-001,9.937040e-001
3.000157414214340e-001,9.929240e-001
3.000159244408354e-001,9.922214e-001
3.000161072097841e-001,9.919644e-001
3.000163562990423e-001,9.922248e-001
3.000165401427130e-001,9.926686e-001
3.000167232715982e-001,9.930910e-001
3.000169291553830e-001,9.932555e-001
3.000171839622535e-001,9.929916e-001
3.000173961699688e-001,9.925134e-001
3.000176024605966e-001,9.920409e-001
3.000178410394123e-001,9.917529e-001
3.000181219626329e-001,9.917839e-001
3.000183556078162e-001,9.919788e-001
3.000186025708627e-001,9.921218e-001
3.000188755485954e-001,9.920230e-001
3.000191963162895e-001,9.916555e-001
3.000194756156142e-001,9.913303e-001
3.000198028222920e-001,9.911543e-001
3.000201878779808e-001,9.911631e-001
3.000205171202369e-001,9.911487e-001
3.000208993866997e-001,9.909477e-001
3.000212955367343e-001,9.906456e-001
3.000217663942099e-001,9.903964e-001
3.000221950214460e-001,9.902956e-001
3.000226118318219e-001,9.901693e-001
3.000231165450170e-001,9.898935e-001
3.000235972659847e-001,9.896315e-001
3.000241812808389e-001,9.894093e-001
3.000247653073289e-001,9.891891e-001
3.000254473939722e-001,9.888601e-001
3.000261386154647e-001,9.885416e-001
3.000269322849803e-001,9.882191e-001
3.000278742734578e-001,9.878026e-001
3.000288532109042e-001,9.873626e-001
3.000301136344313e-001,9.868224e-001
3.000316403318329e-001,9.861501e-001
3.000331960869955e-001,9.854687e-001
3.000350400870095e-001,9.846672e-001
3.000413703222891e-001,9.818999e-001
3.000461702394581e-001,9.798050e-001
3.000512400133734e-001,9.775959e-001
3.000575290828657e-001,9.748585e-001
3.000644026582162e-001,9.718711e-001
3.000724051773007e-001,9.683990e-001
3.000816686307329e-001,9.643873e-001
3.000923728266839e-001,9.597628e-001
3.001059662819707e-001,9.539062e-001
3.001241162928351e-001,9.461174e-001
3.001503665090694e-001,9.349148e-001
3.001924460831464e-001,9.171212e-001
3.002677086508401e-001,8.858267e-001
3.004182337862275e-001,8.252854e-001
3.007192840570022e-001,7.122114e-001
3.013213845985516e-001,5.138119e-001
3.022979470985516e-001,2.516321e-001
3.032745095985516e-001,5.613405e-002
3.042510720985516e-001,-7.568624e-002
3.052276345985516e-001,-1.560113e-001
3.062041970985516e-001,-1.966738e-001
3.071807595985516e-001,-2.085660e-001
3.081126840692914e-001,-2.011411e-001
3.090892465692914e-001,-1.810322e-001
3.100658090692914e-001,-1.543797e-001
3.110423715692914e-001,-1.253484e-001
3.120189340692914e-001,-9.695313e-002
3.129954965692914e-001,-7.111346e-002
3.139720590692914e-001,-4.888957e-002
3.149486215692914e-001,-3.064134e-002
3.158658109345359e-001,-1.721394e-002
3.168423734345359e-001,-6.561930e-003
3.178189359345359e-001,9.226557e-004
3.187954984345359e-001,5.737061e-003
3.197720609345359e-001,8.445894e-003
3.207486234345359e-001,9.576364e-003
3.217251859345359e-001,9.591527e-003
3.227017484345359e-001,8.877664e-003
3.236783109345359e-001,7.741830e-003
3.246548734345359e-001,6.416230e-003
3.256314359345359e-001,5.066711e-003
3.266079984345359e-001,3.803316e-003
3.275845609345359e-001,2.691367e-003
3.285611234345359e-001,1.762080e-003
3.295376859345359e-001,1.019930e-003
3.304658057097852e-001,4.832587e-004
3.314423682097852e-001,7.664928e-005
3.324189307097852e-001,-1.965919e-004
3.333954932097852e-001,-3.608056e-004
3.343720557097852e-001,-4.414856e-004
3.353486182097852e-001,-4.615669e-004
3.363251807097852e-001,-4.405859e-004
3.392548682097852e-001,-2.720358e-004
3.421845557097852e-001,-1.090108e-004
3.451142432097852e-001,-1.963174e-005
3.467883503526424e-001,-6.236036e-006
3.484624574954995e-001,3.347260e-006
3.501365646383567e-001,9.118148e-006
3.518106717812138e-001,1.107663e-005
3.534847789240709e-001,9.222701e-006
3.551588860669281e-001,3.556366e-006
3.568329932097852e-001,-5.922377e-006
3.994199510834295e-001,-9.386980e-006
4.000000000010000e-001,-3.887283e-001
4.001412650637490e-001,-8.244929e-001
4.001963933540101e-001,-9.456584e-001
4.002273616570684e-001,-9.325823e-001
4.002404989909791e-001,-9.265727e-001
4.002457174629774e-001,-9.249911e-001
4.002476791862118e-001,-9.252513e-001
4.002484099445774e-001,-9.210544e-001
4.002486584547681e-001,-9.184512e-001
4.002487510354761e-001,-9.182338e-001
4.002488104440211e-001,-9.186448e-001
4.002488675503884e-001,-9.192541e-001
4.002489275870527e-001,-9.200388e-001
4.002490056772396e-001,-9.212064e-001
4.002491017078097e-001,-9.226996e-001
4.002492253939219e-001,-9.244615e-001
4.002493428926351e-001,-9.256846e-001
4.002494885375695e-001,-9.262909e-001
4.002496758958705e-001,-9.258243e-001
4.002498170070542e-001,-9.247181e-001
4.002499355648784e-001,-9.234521e-001
4.002500626187048e-001,-9.221188e-001
4.002501967798610e-001,-9.210517e-001
4.002503519271624e-001,-9.205191e-001
4.002505660948267e-001,-9.208214e-001
4.002507245052720e-001,-9.216183e-001
4.002508607377025e-001,-9.225006e-001
4.002510207287921e-001,-9.233721e-001
4.002511742877993e-001,-9.237618e-001
4.002513908262155e-001,-9.235453e-001
4.002515739873596e-001,-9.228525e-001
4.002517299551764e-001,-9.220783e-001
4.002519170260285e-001,-9.212943e-001
4.002520902765763e-001,-9.209687e-001
4.002523524656324e-001,-9.211471e-001
4.002525507173829e-001,-9.215971e-001
4.002527340177777e-001,-9.220342e-001
4.002529419106606e-001,-9.222416e-001
4.002531815031764e-001,-9.220415e-001
4.002533926741078e-001,-9.215844e-001
4.002535947389283e-001,-9.211097e-001
4.002538355305271e-001,-9.207725e-001
4.002540975447053e-001,-9.207534e-001
4.002543317163662e-001,-9.209425e-001
4.002545690127957e-001,-9.211153e-001
4.002548430661760e-001,-9.210727e-001
4.002551962108774e-001,-9.207119e-001
4.002554703616753e-001,-9.203944e-001
4.002558156391760e-001,-9.201872e-001
4.002561624470653e-001,-9.201917e-001
4.002564606048844e-001,-9.202062e-001
4.002568507507361e-001,-9.200447e-001
4.002573013559567e-001,-9.197150e-001
4.002577252741199e-001,-9.194781e-001
4.002581680181944e-001,-9.193738e-001
4.002585783112694e-001,-9.192679e-001
4.002590869496646e-001,-9.190118e-001
4.002595758259674e-001,-9.187477e-001
4.002601753714127e-001,-9.185177e-001
4.002608169590075e-001,-9.182869e-001
4.002615054842837e-001,-9.179698e-001
4.002622250563006e-001,-9.176489e-001
4.002630286525177e-001,-9.173346e-001
4.002639656681508e-001,-9.169353e-001
4.002649430722655e-001,-9.165111e-001
4.002661974698468e-001,-9.159937e-001
4.002676970838203e-001,-9.153570e-001
4.002692271619350e-001,-9.147111e-001
4.002710381298640e-001,-9.139531e-001
4.002772575392480e-001,-9.113328e-001
4.002817345550148e-001,-9.094499e-001
4.002865678170691e-001,-9.074205e-001
4.002923952898946e-001,-9.049760e-001
4.002988043777766e-001,-9.022915e-001
4.003062471487485e-001,-8.991792e-001
4.003148715191603e-001,-8.955792e-001
4.003249403968199e-001,-8.913862e-001
4.003375636302747e-001,-8.861433e-001
4.003546280828038e-001,-8.790833e-001
4.003795781661100e-001,-8.688169e-001
4.004948102810362e-001,-8.223535e-001
4.006440235388213e-001,-7.645488e-001
4.009424500543917e-001,-6.567409e-001
4.015393030855323e-001,-4.681468e-001
4.025158655855323e-001,-2.179602e-001
4.034924280855323e-001,-3.281415e-002
4.044689905855323e-001,9.049074e-002
4.054455530855323e-001,1.641410e-001
4.064221155855323e-001,1.998329e-001
4.073986780855323e-001,2.081381e-001
4.083547332570995e-001,1.981567e-001
4.093312957570995e-001,1.766211e-001
4.103078582570995e-001,1.493010e-001
4.112844207570995e-001,1.202155e-001
4.122609832570995e-001,9.217027e-002
4.132375457570995e-001,6.691822e-002
4.142141082570995e-001,4.528847e-002
4.150915109077585e-001,2.932901e-002
4.159772230105522e-001,1.666748e-002
4.169537855105522e-001,6.193431e-003
4.179303480105522e-001,-1.168889e-003
4.189069105105522e-001,-5.886353e-003
4.198834730105522e-001,-8.522082e-003
4.208600355105522e-001,-9.600516e-003
4.218365980105522e-001,-9.581314e-003
4.228131605105522e-001,-8.847209e-003
4.237897230105522e-001,-7.701878e-003
4.247662855105522e-001,-6.374507e-003
4.257428480105522e-001,-5.028395e-003
4.267194105105522e-001,-3.771527e-003
4.276959730105522e-001,-2.667652e-003
4.286725355105522e-001,-1.746838e-003
4.296490980105522e-001,-1.013193e-003
4.305862824769939e-001,-4.789625e-004
4.315628449769939e-001,-7.949589e-005
4.325394074769939e-001,1.876143e-004
4.335159699769939e-001,3.470870e-004
4.344925324769939e-001,4.242907e-004
4.354690949769939e-001,4.419829e-004
4.364456574769939e-001,4.195026e-004
4.393753449769939e-001,2.499198e-004
4.423050324769939e-001,8.807894e-005
4.452347199769939e-001,-2.353454e-008
4.469088271198511e-001,-1.302445e-005
4.485829342627082e-001,-2.229925e-005
4.502570414055654e-001,-2.784794e-005
4.519311485484225e-001,-2.967052e-005
4.536052556912796e-001,-2.776699e-005
4.552793628341368e-001,-2.213736e-005
4.569534699769939e-001,-1.278161e-005
4.979690949769939e-001,-9.394395e-006
4.990234375000000e-001,-9.325378e-006
4.996701471235854e-001,-9.421922e-006
5.000000000000000e-001,3.960071e-001
5.000775593181537e-001,8.365090e-001
5.001088130307076e-001,9.692716e-001
5.001221469197374e-001,9.643108e-001
5.001271228775943e-001,9.609410e-001
5.001290046292208e-001,9.578490e-001
5.001296886130913e-001,9.644230e-001
5.001299204749971e-001,9.691225e-001
5.001300089550804e-001,9.698067e-001
5.001300619367336e-001,9.693682e-001
5.001301070971196e-001,9.686798e-001
5.001301571120601e-001,9.676794e-001
5.001302286479945e-001,9.659285e-001
5.001303077996553e-001,9.637178e-001
5.001303965996375e-001,9.611114e-001
5.001304930051616e-001,9.584330e-001
5.001305916494808e-001,9.561846e-001
5.001307074117549e-001,9.545477e-001
5.001308587579169e-001,9.540250e-001
5.001309975246600e-001,9.549472e-001
5.001310944306139e-001,9.563307e-001
5.001311878075522e-001,9.580278e-001
5.001313010968610e-001,9.601365e-001
5.001314053552948e-001,9.618121e-001
5.001315296129030e-001,9.631607e-001
5.001316641804874e-001,9.636442e-001
5.001318225833978e-001,9.630412e-001
5.001319431274461e-001,9.618888e-001
5.001320523043208e-001,9.604980e-001
5.001321839387427e-001,9.587978e-001
5.001323024946359e-001,9.575589e-001
5.001324496422378e-001,9.567038e-001
5.001326195867100e-001,9.566489e-001
5.001327716299798e-001,9.573364e-001
5.001328975884362e-001,9.582763e-001
5.001330283720801e-001,9.593152e-001
5.001331729801779e-001,9.602160e-001
5.001333293635938e-001,9.606335e-001
5.001335397651440e-001,9.603347e-001
5.001337093644021e-001,9.595540e-001
5.001338551226069e-001,9.586853e-001
5.001340293716337e-001,9.577863e-001
5.001341917573769e-001,9.573573e-001
5.001344267395229e-001,9.574401e-001
5.001346178964367e-001,9.579236e-001
5.001347864000764e-001,9.584610e-001
5.001349844357547e-001,9.588812e-001
5.001351825995236e-001,9.588977e-001
5.001354045500355e-001,9.584838e-001
5.001355830051542e-001,9.579775e-001
5.001357818435317e-001,9.574706e-001
5.001360022763910e-001,9.572135e-001
5.001363002377913e-001,9.573148e-001
5.001365288047752e-001,9.575614e-001
5.001367660410867e-001,9.577341e-001
5.001370239505374e-001,9.576393e-001
5.001373064485274e-001,9.572763e-001
5.001375582257928e-001,9.569271e-001
5.001378647776213e-001,9.567042e-001
5.001381981791688e-001,9.567129e-001
5.001384788775699e-001,9.567654e-001
5.001388512935719e-001,9.566632e-001
5.001392178769417e-001,9.563767e-001
5.001395429824853e-001,9.561220e-001
5.001399617371612e-001,9.559596e-001
5.001404233724124e-001,9.558724e-001
5.001409248715029e-001,9.556783e-001
5.001414122265027e-001,9.553894e-001
5.001419028306765e-001,9.551522e-001
5.001424581908286e-001,9.549728e-001
5.001430250138209e-001,9.547471e-001
5.001436566653852e-001,9.544325e-001
5.001443600791916e-001,9.541275e-001
5.001451105970646e-001,9.538298e-001
5.001462287151837e-001,9.533355e-001
5.001473428746150e-001,9.528539e-001
5.001484699209517e-001,9.523803e-001
5.001507016342185e-001,9.514128e-001
5.001529383061404e-001,9.504548e-001
5.001551118943685e-001,9.495210e-001
5.001578230455683e-001,9.483560e-001
5.001607115055670e-001,9.471193e-001
5.001648190631954e-001,9.453563e-001
5.001781341481126e-001,9.396627e-001
5.001894335437223e-001,9.348451e-001
5.002037950386842e-001,9.287395e-001
5.002246464582197e-001,9.199148e-001
5.003087904140128e-001,8.847964e-001
5.004055255881830e-001,8.454684e-001
5.005989959365232e-001,7.701674e-001
5.009859366332038e-001,6.325991e-001
5.017598180265649e-001,3.974824e-001
5.027363805265649e-001,1.633251e-001
5.037129430265649e-001,-4.664346e-003
5.046895055265649e-001,-1.139484e-001
5.056660680265649e-001,-1.766813e-001
5.066426305265649e-001,-2.043044e-001
5.076191930265649e-001,-2.069314e-001
5.085957555265649e-001,-1.930472e-001
5.095723180265649e-001,-1.694339e-001
5.105488805265649e-001,-1.412512e-001
5.115254430265649e-001,-1.122109e-001
5.125020055265649e-001,-8.480010e-002
5.134785680265649e-001,-6.051908e-002
5.144551305265649e-001,-4.011107e-002
5.154316930265649e-001,-2.369011e-002
5.163257674188703e-001,-1.215070e-002
5.173023299188703e-001,-2.975163e-003
5.182788924188703e-001,3.288224e-003
5.192554549188703e-001,7.127312e-003
5.202320174188703e-001,9.094819e-003
5.212085799188703e-001,9.692560e-003
5.221851424188703e-001,9.351287e-003
5.231617049188703e-001,8.422914e-003
5.241382674188703e-001,7.181366e-003
5.251148299188703e-001,5.829023e-003
5.260913924188703e-001,4.506317e-003
5.270679549188703e-001,3.302666e-003
5.280445174188703e-001,2.267449e-003
5.290210799188703e-001,1.420197e-003
5.299976424188703e-001,7.592457e-004
5.309683968645753e-001,2.725531e-004
5.319449593645753e-001,-6.834307e-005
5.329215218645753e-001,-2.865352e-004
5.338980843645753e-001,-4.080420e-004
5.348746468645753e-001,-4.572892e-004
5.358512093645753e-001,-4.556652e-004
5.378043343645753e-001,-3.672904e-004
5.407340218645753e-001,-1.839669e-004
5.436637093645753e-001,-5.579045e-005
5.465933968645753e-001,3.609921e-007
5.489650486502896e-001,1.647955e-006
5.513367004360039e-001,1.994638e-006
5.537083522217182e-001,1.401042e-006
5.560800040074324e-001,-1.328348e-007
5.584516557931467e-001,-2.606991e-006
5.608233075788610e-001,-6.021427e-006
5.631949593645753e-001,-1.037614e-005
5.990234375010000e-001,-9.394121e-006
6.000000000010000e-001,-3.752366e-001
6.002525045576123e-001,-8.011663e-001
6.003481347309263e-001,-9.055693e-001
6.004057150639968e-001,-8.815390e-001
6.004437105457456e-001,-8.657961e-001
6.004629313461312e-001,-8.580624e-001
6.004714202725524e-001,-8.543041e-001
6.004747343867262e-001,-8.530768e-001
6.004759872429045e-001,-8.543034e-001
6.004764528676028e-001,-8.534044e-001
6.004766433036846e-001,-8.517081e-001
6.004767242114123e-001,-8.508906e-001
6.004768110518215e-001,-8.502846e-001
6.004769028905211e-001,-8.499091e-001
6.004769874165263e-001,-8.498614e-001
6.004771564685367e-001,-8.503628e-001
6.004772951977411e-001,-8.511342e-001
6.004774322367500e-001,-8.520495e-001
6.004775874883637e-001,-8.529252e-001
6.004777433341062e-001,-8.533588e-001
6.004779517518076e-001,-8.531973e-001
6.004781338058107e-001,-8.525286e-001
6.004782879800774e-001,-8.517513e-001
6.004784569530252e-001,-8.509968e-001
6.004786345120726e-001,-8.505815e-001
6.004788698485328e-001,-8.506364e-001
6.004790656660594e-001,-8.510518e-001
6.004792428643343e-001,-8.515140e-001
6.004794529158311e-001,-8.518438e-001
6.004796670254400e-001,-8.517938e-001
6.004798876358649e-001,-8.513882e-001
6.004800792340900e-001,-8.509194e-001
6.004803050318341e-001,-8.504910e-001
6.004805419146765e-001,-8.503481e-001
6.004808116525919e-001,-8.505004e-001
6.004810393232656e-001,-8.506952e-001
6.004813309751437e-001,-8.507639e-001
6.004816087170705e-001,-8.505618e-001
6.004818641908621e-001,-8.502361e-001
6.004821478111118e-001,-8.499444e-001
6.004824610805369e-001,-8.498383e-001
6.004827749808195e-001,-8.498790e-001
6.004830986213386e-001,-8.498751e-001
6.004834636990634e-001,-8.496903e-001
6.004838221909827e-001,-8.494195e-001
6.004842336215722e-001,-8.491971e-001
6.004846644842331e-001,-8.491014e-001
6.004850767013340e-001,-8.490017e-001
6.004855849990115e-001,-8.487576e-001
6.004860834684054e-001,-8.484985e-001
6.004866907101594e-001,-8.482740e-001
6.004873465948996e-001,-8.480461e-001
6.004880469902575e-001,-8.477358e-001
6.004887799200130e-001,-8.474233e-001
6.004895988474099e-001,-8.471148e-001
6.004905826452350e-001,-8.467103e-001
6.004915979657501e-001,-8.462890e-001
6.004928481626125e-001,-8.457933e-001
6.004944737760851e-001,-8.451295e-001
6.004961129445291e-001,-8.444660e-001
6.004979804098836e-001,-8.437134e-001
6.005004546136357e-001,-8.427078e-001
6.005043350169075e-001,-8.411413e-001
6.005091786763382e-001,-8.391837e-001
6.005149899310105e-001,-8.368398e-001
6.005217830173926e-001,-8.341030e-001
6.005295870408505e-001,-8.309649e-001
6.005385668695616e-001,-8.273611e-001
6.005488522131872e-001,-8.232430e-001
6.005609552652493e-001,-8.184107e-001
6.005760857111137e-001,-8.123901e-001
6.005959697110029e-001,-8.045141e-001
6.006240436035782e-001,-7.934648e-001
6.007408114639089e-001,-7.484670e-001
6.008826422211714e-001,-6.959797e-001
6.011663037356962e-001,-5.979899e-001
6.017336267647461e-001,-4.266348e-001
6.027101892647461e-001,-1.880205e-001
6.036867517647461e-001,-1.233680e-002
6.046633142647461e-001,1.032490e-001
6.056398767647461e-001,1.708997e-001
6.066164392647461e-001,2.021686e-001
6.075926553571559e-001,2.073402e-001
6.085676453747404e-001,1.951119e-001
6.095442078747404e-001,1.724147e-001
6.105207703747404e-001,1.446074e-001
6.114973328747404e-001,1.155576e-001
6.124738953747404e-001,8.788688e-002
6.134504578747404e-001,6.320214e-002
6.144270203747404e-001,4.221229e-002
6.152938575904625e-001,2.702180e-002
6.161917697268583e-001,1.474777e-002
6.171683322268583e-001,4.815416e-003
6.181448947268583e-001,-2.080774e-003
6.191214572268583e-001,-6.425286e-003
6.200980197268583e-001,-8.776989e-003
6.210745822268583e-001,-9.650841e-003
6.220511447268583e-001,-9.494330e-003
6.230277072268583e-001,-8.677171e-003
6.240042697268583e-001,-7.490453e-003
6.249808322268583e-001,-6.152011e-003
6.259573947268583e-001,-4.815445e-003
6.269339572268583e-001,-3.580862e-003
6.279105197268583e-001,-2.505902e-003
6.288870822268583e-001,-1.616154e-003
6.298636447268583e-001,-9.138113e-004
6.308275114026275e-001,-3.934256e-004
6.318040739026275e-001,-2.013812e-005
6.327806364026275e-001,2.246438e-004
6.337571989026275e-001,3.667530e-004
6.347337614026275e-001,4.311421e-004
6.357103239026275e-001,4.399548e-004
6.366868864026275e-001,4.118323e-004
6.396165739026275e-001,2.380435e-004
6.425462614026275e-001,8.028670e-005
6.454759489026275e-001,-3.233818e-006
6.472895649740561e-001,-1.446008e-005
6.491031810454846e-001,-2.231607e-005
6.509167971169132e-001,-2.680178e-005
6.527304131883418e-001,-2.791722e-005
6.545440292597704e-001,-2.566238e-005
6.563576453311989e-001,-2.003726e-005
6.581712614026275e-001,-1.104187e-005
6.990234375000000e-001,-9.396425e-006
7.000000000000000e-001,3.733796e-001
7.002572895934891e-001,8.006537e-001
7.003541492097936e-001,9.040632e-001
7.004115986038053e-001,8.801065e-001
7.004535361513805e-001,8.627741e-001
7.004757454125307e-001,8.538044e-001
7.004861508642711e-001,8.493180e-001
7.004903022918489e-001,8.478889e-001
7.004918837151756e-001,8.484015e-001
7.004924733853706e-001,8.465962e-001
7.004927128458443e-001,8.447216e-001
7.004928095861732e-001,8.441969e-001
7.004928977622480e-001,8.441625e-001
7.004929937124423e-001,8.444202e-001
7.004930827013088e-001,8.448820e-001
7.004932042933804e-001,8.457270e-001
7.004933271538426e-001,8.466218e-001
7.004934811283333e-001,8.475454e-001
7.004936360748451e-001,8.479972e-001
7.004938443228492e-001,8.478150e-001
7.004940233348301e-001,8.471094e-001
7.004941740776469e-001,8.463024e-001
7.004943570557035e-001,8.454363e-001
7.004945219354110e-001,8.450361e-001
7.004947631541645e-001,8.451182e-001
7.004949596304867e-001,8.455724e-001
7.004951344362268e-001,8.460677e-001
7.004953389226942e-001,8.464214e-001
7.004955483403205e-001,8.463834e-001
7.004957656046501e-001,8.459705e-001
7.004959520990484e-001,8.454838e-001
7.004961684734835e-001,8.450269e-001
7.004963981465909e-001,8.448565e-001
7.004966978737701e-001,8.450217e-001
7.004969301998049e-001,8.452348e-001
7.004972200109508e-001,8.453228e-001
7.004974855046457e-001,8.451295e-001
7.004977322614708e-001,8.447967e-001
7.004980026668739e-001,8.444889e-001
7.004983065270268e-001,8.443643e-001
7.004986471665430e-001,8.444119e-001
7.004989663950194e-001,8.444250e-001
7.004993271916430e-001,8.442524e-001
7.004997097205207e-001,8.439563e-001
7.005001128764063e-001,8.437299e-001
7.005005341355719e-001,8.436413e-001
7.005009297076673e-001,8.435577e-001
7.005014258322141e-001,8.433254e-001
7.005019326739135e-001,8.430542e-001
7.005025213033277e-001,8.428308e-001
7.005032157997740e-001,8.425965e-001
7.005038958560997e-001,8.422974e-001
7.005046274421465e-001,8.419814e-001
7.005054303348797e-001,8.416826e-001
7.005063307750610e-001,8.413157e-001
7.005072800063519e-001,8.409181e-001
7.005085334902460e-001,8.404241e-001
7.005099369625010e-001,8.398531e-001
7.005113832956194e-001,8.392665e-001
7.005131476750671e-001,8.385606e-001
7.005158876537675e-001,8.374509e-001
7.005193441298605e-001,8.360590e-001
7.005231573787772e-001,8.345222e-001
7.005275656224460e-001,8.327485e-001
7.005324655372305e-001,8.307789e-001
7.005380572156797e-001,8.285338e-001
7.005445660549911e-001,8.259251e-001
7.005522821219508e-001,8.228369e-001
7.005617778569183e-001,8.190457e-001
7.005742010081013e-001,8.140988e-001
7.005927783623447e-001,8.067345e-001
7.006831228327284e-001,7.715013e-001
7.008020445243756e-001,7.266017e-001
7.010398879076700e-001,6.417478e-001
7.015155746742590e-001,4.910196e-001
7.024669482074367e-001,2.424971e-001
7.034435107074367e-001,5.030666e-002
7.044200732074367e-001,-7.925107e-002
7.053966357074367e-001,-1.578308e-001
7.063731982074367e-001,-1.972170e-001
7.073497607074367e-001,-2.080553e-001
7.083263232074367e-001,-1.994453e-001
7.093028857074367e-001,-1.787918e-001
7.102794482074367e-001,-1.518353e-001
7.112560107074367e-001,-1.227974e-001
7.122325732074367e-001,-9.459006e-002
7.132091357074367e-001,-6.905121e-002
7.141856982074367e-001,-4.717912e-002
7.151622607074367e-001,-2.927097e-002
7.160604412258503e-001,-1.639899e-002
7.170370037258503e-001,-5.997124e-003
7.180135662258503e-001,1.293674e-003
7.189901287258503e-001,5.953639e-003
7.199666912258503e-001,8.545353e-003
7.209432537258503e-001,9.591890e-003
7.219198162258503e-001,9.551105e-003
7.228963787258503e-001,8.803776e-003
7.238729412258503e-001,7.651671e-003
7.248495037258503e-001,6.322248e-003
7.258260662258503e-001,4.977320e-003
7.268026287258503e-001,3.723659e-003
7.277791912258503e-001,2.624068e-003
7.287557537258503e-001,1.707920e-003
7.297323162258503e-001,9.780828e-004
7.306521620129914e-001,4.563288e-004
7.316287245129914e-001,5.861323e-005
7.326052870129914e-001,-2.076883e-004
7.335818495129914e-001,-3.665365e-004
7.345584120129914e-001,-4.432827e-004
7.355349745129914e-001,-4.606613e-004
7.365115370129914e-001,-4.379847e-004
7.394412245129914e-001,-2.682691e-004
7.423709120129914e-001,-1.065863e-004
7.453005995129914e-001,-1.865269e-005
7.469747066558485e-001,-5.703787e-006
7.486488137987057e-001,3.530392e-006
7.503229209415628e-001,9.049843e-006
7.519970280844200e-001,1.085457e-005
7.536711352272771e-001,8.944566e-006
7.553452423701343e-001,3.319837e-006
7.570193495129914e-001,-6.019619e-006
7.980349745129914e-001,-9.395510e-006
7.990115370129914e-001,-8.487727e-006
7.990234375010000e-001,-8.932481e-006
7.990472384770172e-001,-8.345895e-006
7.990541247804548e-001,-1.031797e-005
7.990580276493402e-001,-7.907575e-006
7.990597314446234e-001,-5.718288e-006
7.990603703487226e-001,-1.651413e-005
7.990606429495942e-001,-2.056840e-005
7.990609643821182e-001,-1.459329e-005
7.990611476713632e-001,-8.028787e-006
7.990613328572587e-001,-2.490758e-006
7.990615462693133e-001,-8.533484e-007
7.990617990664154e-001,-4.491126e-006
7.990620170211173e-001,-9.778470e-006
7.990622828214526e-001,-1.452152e-005
7.990625316404032e-001,-1.476820e-005
7.990627728341642e-001,-1.146797e-005
7.990630005084241e-001,-7.747036e-006
7.990632923970362e-001,-5.618979e-006
7.990635987876137e-001,-7.155666e-006
7.990638625683224e-001,-9.972008e-006
7.990641863804697e-001,-1.191568e-005
7.990645244451499e-001,-1.090994e-005
7.990648252763788e-001,-8.815470e-006
7.990651969169388e-001,-7.692094e-006
7.990655823017550e-001,-8.886363e-006
7.990664058839693e-001,-1.018014e-005
7.990669246449110e-001,-8.954042e-006
7.990674771998884e-001,-8.879998e-006
7.990680598709856e-001,-9.704946e-006
7.990687508556533e-001,-9.606004e-006
7.990694484311426e-001,-9.098655e-006
7.990702599933484e-001,-9.425762e-006
7.990710667631428e-001,-9.590354e-006
7.990730800550276e-001,-9.407549e-006
7.990742233362500e-001,-9.467809e-006
7.990777769587472e-001,-9.430352e-006
7.990813305812443e-001,-9.401530e-006
7.990848842037415e-001,-9.381342e-006
7.990884378262385e-001,-9.369788e-006
7.990919914487357e-001,-9.366869e-006
7.990955450712328e-001,-9.372584e-006
7.990990986937300e-001,-9.386934e-006
7.997785473791296e-001,-9.395229e-006
8.000000000010000e-001,-3.891272e-001
8.000576626082970e-001,-8.486066e-001
8.000793123985707e-001,-9.775042e-001
8.000880510529550e-001,-9.751883e-001
8.000912784456234e-001,-9.729236e-001
8.000924889384800e-001,-9.623832e-001
8.000927821906982e-001,-9.629719e-001
8.000929258400418e-001,-9.679164e-001
8.000929710681800e-001,-9.701706e-001
8.000930085101713e-001,-9.720111e-001
8.000930451096203e-001,-9.737000e-001
8.000930832708798e-001,-9.753165e-001
8.000931595933989e-001,-9.779698e-001
8.000932917439511e-001,-9.809564e-001
8.000934208347876e-001,-9.817892e-001
8.000935437613873e-001,-9.805354e-001
8.000936549174915e-001,-9.780307e-001
8.000937348751760e-001,-9.756522e-001
8.000938178891910e-001,-9.729666e-001
8.000939101196203e-001,-9.701079e-001
8.000940046788928e-001,-9.676468e-001
8.000941179746633e-001,-9.657040e-001
8.000942621898527e-001,-9.648699e-001
8.000943981136222e-001,-9.656084e-001
8.000944978475003e-001,-9.670345e-001
8.000945890258020e-001,-9.688021e-001
8.000946876165360e-001,-9.708533e-001
8.000947930121344e-001,-9.728780e-001
8.000949035648346e-001,-9.745023e-001
8.000950295858250e-001,-9.754223e-001
8.000951967482928e-001,-9.752105e-001
8.000953512174609e-001,-9.738691e-001
8.000954684149300e-001,-9.723038e-001
8.000955808246555e-001,-9.706826e-001
8.000957020884715e-001,-9.691730e-001
8.000958311978141e-001,-9.681378e-001
8.000959917821883e-001,-9.678028e-001
8.000961599016786e-001,-9.683976e-001
8.000962863289589e-001,-9.693462e-001
8.000964081711587e-001,-9.704355e-001
8.000965502321944e-001,-9.715537e-001
8.000966909142939e-001,-9.722152e-001
8.000968726724013e-001,-9.722790e-001
8.000970555368558e-001,-9.716154e-001
8.000971976471627e-001,-9.707415e-001
8.000973406396142e-001,-9.698100e-001
8.000975020943285e-001,-9.690202e-001
8.000976781366144e-001,-9.686927e-001
8.000979116074425e-001,-9.689843e-001
8.000980829946073e-001,-9.695370e-001
8.000982460674900e-001,-9.701061e-001
8.000984336144689e-001,-9.704852e-001
8.000986410615824e-001,-9.704370e-001
8.000988495575585e-001,-9.699714e-001
8.000990268332633e-001,-9.694171e-001
8.000992272761589e-001,-9.688862e-001
8.000994410681093e-001,-9.686568e-001
8.000997502881497e-001,-9.688219e-001
8.000999751241537e-001,-9.690970e-001
8.001002091397854e-001,-9.692740e-001
8.001004599826588e-001,-9.691642e-001
8.001007122488553e-001,-9.688087e-001
8.001009482853169e-001,-9.684451e-001
8.001012419003916e-001,-9.681928e-001
8.001015567699199e-001,-9.681888e-001
8.001018272697641e-001,-9.682708e-001
8.001021526762817e-001,-9.682409e-001
8.001024901154561e-001,-9.680017e-001
8.001027992162615e-001,-9.677249e-001
8.001032180773384e-001,-9.674922e-001
8.001036127383228e-001,-9.674240e-001
8.001039813826353e-001,-9.673470e-001
8.001044435323480e-001,-9.671059e-001
8.001048878202680e-001,-9.668372e-001
8.001054445055703e-001,-9.666048e-001
8.001060447859782e-001,-9.664017e-001
8.001067252538953e-001,-9.660919e-001
8.001074694403981e-001,-9.657369e-001
8.001082421390013e-001,-9.654291e-001
8.001090303080578e-001,-9.650950e-001
8.001099045094863e-001,-9.646959e-001
8.001111339126513e-001,-9.641746e-001
8.001123533217088e-001,-9.636479e-001
8.001136351051381e-001,-9.630849e-001
8.001157744081550e-001,-9.621674e-001
8.001183053703673e-001,-9.610713e-001
8.001207820378424e-001,-9.600029e-001
8.001237443238551e-001,-9.587248e-001
8.001269140026122e-001,-9.573570e-001
8.001308217848703e-001,-9.556752e-001
8.001360694856988e-001,-9.534149e-001
8.001645248555022e-001,-9.412161e-001
8.001929802253054e-001,-9.291138e-001
8.002214355951087e-001,-9.171081e-001
8.002498909649120e-001,-9.051989e-001
8.002783463347153e-001,-8.933862e-001
8.003068017045185e-001,-8.816700e-001
8.003352570743219e-001,-8.700504e-001
8.005228618701945e-001,-7.958643e-001
8.008980714619398e-001,-6.598111e-001
8.016484906454305e-001,-4.261226e-001
8.026250531454305e-001,-1.845570e-001
8.036016156454305e-001,-9.777066e-003
8.045781781454305e-001,1.050259e-001
8.055547406454305e-001,1.720318e-001
8.065313031454305e-001,2.027927e-001
8.075078656454305e-001,2.075800e-001
8.084844281454305e-001,1.950554e-001
8.094609906454305e-001,1.721767e-001
8.104375531454305e-001,1.442651e-001
8.114141156454305e-001,1.151732e-001
8.123906781454305e-001,8.750395e-002
8.133672406454305e-001,6.284904e-002
8.143438031454305e-001,4.190975e-002
8.152149950172632e-001,2.670164e-002
8.161167235627300e-001,1.444340e-002
8.170932860627300e-001,4.586483e-003
8.180698485627300e-001,-2.240723e-003
8.190464110627300e-001,-6.528157e-003
8.200229735627300e-001,-8.834854e-003
8.209995360627300e-001,-9.674972e-003
8.219760985627300e-001,-9.494625e-003
8.229526610627300e-001,-8.661888e-003
8.239292235627300e-001,-7.466156e-003
8.249057860627300e-001,-6.123662e-003
8.258823485627300e-001,-4.786590e-003
8.268589110627300e-001,-3.553851e-003
8.278354735627300e-001,-2.482131e-003
8.288120360627300e-001,-1.596289e-003
8.297885985627300e-001,-8.981861e-004
8.307569666206768e-001,-3.795265e-004
8.317335291206768e-001,-1.010902e-005
8.327100916206768e-001,2.312653e-004
8.336866541206768e-001,3.706515e-004
8.346632166206768e-001,4.329696e-004
8.356397791206768e-001,4.402929e-004
8.375929041206768e-001,3.604641e-004
8.405225916206768e-001,1.767114e-004
8.434522791206768e-001,4.331370e-005
8.463819666206768e-001,-1.708158e-005
8.486141094778197e-001,-1.998220e-005
8.508462523349625e-001,-2.150823e-005
8.530783951921054e-001,-2.165967e-005
8.553105380492482e-001,-2.043653e-005
8.575426809063911e-001,-1.783880e-005
8.597748237635339e-001,-1.386648e-005
8.620069666206768e-001,-8.519582e-006
8.991163416206768e-001,-9.393871e-006
9.000000000000000e-001,3.655328e-001
9.002568793167869e-001,8.040146e-001
9.003505945903884e-001,9.054604e-001
9.004079970609328e-001,8.815073e-001
9.004460620561938e-001,8.657363e-001
9.004651038082199e-001,8.580760e-001
9.004734940389064e-001,8.543591e-001
9.004767598164171e-001,8.531409e-001
9.004779939963488e-001,8.543769e-001
9.004784523304570e-001,8.535475e-001
9.004786431303076e-001,8.518831e-001
9.004787244221515e-001,8.510677e-001
9.004788123076136e-001,8.504488e-001
9.004789056905643e-001,8.500555e-001
9.004789910166574e-001,8.499942e-001
9.004791616688435e-001,8.504713e-001
9.004793018882481e-001,8.512267e-001
9.004794400395542e-001,8.521270e-001
9.004795966234839e-001,8.529885e-001
9.004797533725302e-001,8.534093e-001
9.004799636915127e-001,8.532385e-001
9.004801464332117e-001,8.525734e-001
9.004803018040901e-001,8.518117e-001
9.004804907944884e-001,8.510092e-001
9.004806619892288e-001,8.506638e-001
9.004809181646735e-001,8.508021e-001
9.004811177502180e-001,8.512425e-001
9.004813003573453e-001,8.516870e-001
9.004815095270753e-001,8.519279e-001
9.004817416030514e-001,8.517738e-001
9.004819547476278e-001,8.513342e-001
9.004821547139923e-001,8.508646e-001
9.004823988407568e-001,8.504985e-001
9.004826507181442e-001,8.504521e-001
9.004828866192611e-001,8.506343e-001
9.004831193481200e-001,8.508182e-001
9.004833965903962e-001,8.508118e-001
9.004837242332885e-001,8.505089e-001
9.004839908694048e-001,8.501937e-001
9.004843417916556e-001,8.499444e-001
9.004846640265589e-001,8.499272e-001
9.004849559285454e-001,8.499599e-001
9.004853569156155e-001,8.498446e-001
9.004857487684447e-001,8.495698e-001
9.004861044927769e-001,8.493352e-001
9.004865505472335e-001,8.491943e-001
9.004869831917054e-001,8.491041e-001
9.004875204593414e-001,8.488845e-001
9.004880739027762e-001,8.485989e-001
9.004887818006040e-001,8.483210e-001
9.004894208453362e-001,8.480971e-001
9.004902718007987e-001,8.477273e-001
9.004910926367539e-001,8.473822e-001
9.004919448511009e-001,8.470596e-001
9.004929780054272e-001,8.466319e-001
9.004940323068017e-001,8.461973e-001
9.004952203648605e-001,8.457273e-001
9.004969586306332e-001,8.450163e-001
9.004986870541805e-001,8.443183e-001
9.005005265375857e-001,8.435757e-001
9.005028593165444e-001,8.426275e-001
9.005105527090095e-001,8.395197e-001
9.005165672698504e-001,8.370935e-001
9.005228971332114e-001,8.345428e-001
9.005308213977169e-001,8.313556e-001
9.005394984113526e-001,8.278723e-001
9.005494820495894e-001,8.238736e-001
9.005611220505658e-001,8.192239e-001
9.005751235463643e-001,8.136485e-001
9.005928130168166e-001,8.066332e-001
9.006165624388796e-001,7.972651e-001
9.006508046298043e-001,7.838643e-001
9.007047368296786e-001,7.630219e-001
9.007992041312357e-001,7.273440e-001
9.009874074019512e-001,6.594049e-001
9.013638139433822e-001,5.355935e-001
9.021166270262442e-001,3.251417e-001
9.030931895262442e-001,1.116798e-001
9.040697520262442e-001,-3.912156e-002
9.050463145262442e-001,-1.346875e-001
9.060127874540007e-001,-1.872514e-001
9.068778339151172e-001,-2.066088e-001
9.077744132835727e-001,-2.062908e-001
9.087509757835727e-001,-1.913083e-001
9.097275382835727e-001,-1.673686e-001
9.107041007835727e-001,-1.391285e-001
9.116806632835727e-001,-1.102107e-001
9.126572257835727e-001,-8.303071e-002
9.136337882835727e-001,-5.903368e-002
9.146103507835727e-001,-3.892300e-002
9.155869132835727e-001,-2.279736e-002
9.164924744295705e-001,-1.136503e-002
9.174690369295705e-001,-2.433345e-003
9.184455994295705e-001,3.622407e-003
9.194221619295705e-001,7.300793e-003
9.203987244295705e-001,9.150345e-003
9.213752869295705e-001,9.666918e-003
9.223518494295705e-001,9.274606e-003
9.233284119295705e-001,8.318704e-003
9.243049744295705e-001,7.067044e-003
9.252815369295705e-001,5.716721e-003
9.262580994295705e-001,4.403800e-003
9.272346619295705e-001,3.214262e-003
9.282112244295705e-001,2.194920e-003
9.291877869295705e-001,1.363496e-003
9.301643494295705e-001,7.173892e-004
9.311409119295705e-001,2.409321e-004
9.321174744295705e-001,-8.888888e-005
9.330940369295705e-001,-2.981474e-004
9.340705994295705e-001,-4.129485e-004
9.350471619295705e-001,-4.574495e-004
9.360237244295705e-001,-4.527159e-004
9.379768494295705e-001,-3.617132e-004
9.409065369295705e-001,-1.792618e-004
9.438362244295705e-001,-5.340892e-005
9.467659119295705e-001,1.043203e-006
9.491375637152848e-001,1.935895e-006
9.515092155009991e-001,1.987327e-006
9.538808672867134e-001,1.197501e-006
9.562525190724276e-001,-4.335852e-007
9.586241708581419e-001,-2.905930e-006
9.609958226438562e-001,-6.219535e-006
9.633674744295705e-001,-1.037440e-005
9.990234375010000e-001,-9.403786e-006
1.000000000000000e+000,-9.386320e-006
